+0.0000000000  +0.0000000001
+1.0000000000  +0.0000016352
+2.0000000000  +0.0019385031
+3.0000000000  +0.1934589702
+4.0000000000  +0.7970812265
+5.0000000000  -1.9999999999
+6.0000000000  +0.7970812265
+7.0000000000  +0.1934589702
+8.0000000000  +0.0019385031
+9.0000000000  +0.0000016352
+10.0000000000  +0.0000000001
+11.0000000000  +0.0000000000
+12.0000000000  -0.0000000000
+13.0000000000  +0.0000000000
+14.0000000000  -0.0000000000
+15.0000000000  +0.0000000000
+16.0000000000  -0.0000000000
+17.0000000000  +0.0000000000
+18.0000000000  -0.0000000000
+19.0000000000  +0.0000000000
+20.0000000000  -0.0000000000
+21.0000000000  +0.0000000000
+22.0000000000  -0.0000000000
+23.0000000000  +0.0000000000
+24.0000000000  -0.0000000000
+25.0000000000  +0.0000000000
+26.0000000000  -0.0000000000
+27.0000000000  +0.0000000000
+28.0000000000  -0.0000000000
+29.0000000000  +0.0000000000
+30.0000000000  -0.0000000000
+31.0000000000  +0.0000000000
+32.0000000000  -0.0000000000
+33.0000000000  +0.0000000000
+34.0000000000  -0.0000000000
+35.0000000000  +0.0000000000
+36.0000000000  -0.0000000000
+37.0000000000  +0.0000000000
+38.0000000000  -0.0000000000
+39.0000000000  +0.0000000000
+40.0000000000  -0.0000000000
+41.0000000000  +0.0000000000
+42.0000000000  -0.0000000000
+43.0000000000  +0.0000000000
+44.0000000000  -0.0000000000
+45.0000000000  +0.0000000000
+46.0000000000  -0.0000000000
+47.0000000000  +0.0000000000
+48.0000000000  -0.0000000000
+49.0000000000  +0.0000000000
+50.0000000000  -0.0000000000
+51.0000000000  +0.0000000000
+52.0000000000  -0.0000000000
+53.0000000000  +0.0000000000
+54.0000000000  -0.0000000000
+55.0000000000  +0.0000000000
+56.0000000000  -0.0000000000
+57.0000000000  +0.0000000000
+58.0000000000  -0.0000000000
+59.0000000000  +0.0000000000
+60.0000000000  -0.0000000000
+61.0000000000  +0.0000000000
+62.0000000000  -0.0000000000
+63.0000000000  +0.0000000000
+64.0000000000  -0.0000000000
+65.0000000000  +0.0000000000
+66.0000000000  -0.0000000000
+67.0000000000  +0.0000000000
+68.0000000000  -0.0000000000
+69.0000000000  +0.0000000000
+70.0000000000  -0.0000000000
+71.0000000000  +0.0000000000
+72.0000000000  -0.0000000000
+73.0000000000  +0.0000000000
+74.0000000000  -0.0000000000
+75.0000000000  +0.0000000000
+76.0000000000  -0.0000000000
+77.0000000000  +0.0000000000
+78.0000000000  -0.0000000000
+79.0000000000  +0.0000000000
+80.0000000000  -0.0000000000
+81.0000000000  +0.0000000000
+82.0000000000  -0.0000000000
+83.0000000000  +0.0000000000
+84.0000000000  -0.0000000000
+85.0000000000  +0.0000000000
+86.0000000000  -0.0000000000
+87.0000000000  +0.0000000000
+88.0000000000  -0.0000000000
+89.0000000000  +0.0000000000
+90.0000000000  -0.0000000000
+91.0000000000  +0.0000000000
+92.0000000000  -0.0000000000
+93.0000000000  +0.0000000000
+94.0000000000  -0.0000000000
+95.0000000000  +0.0000000000
+96.0000000000  -0.0000000000
+97.0000000000  +0.0000000000
+98.0000000000  -0.0000000000
+99.0000000000  +0.0000000000
+100.0000000000  -0.0000000000
+101.0000000000  +0.0000000000
+102.0000000000  -0.0000000000
+103.0000000000  +0.0000000000
+104.0000000000  -0.0000000000
+105.0000000000  +0.0000000000
+106.0000000000  -0.0000000000
+107.0000000000  +0.0000000000
+108.0000000000  -0.0000000000
+109.0000000000  +0.0000000000
+110.0000000000  -0.0000000000
+111.0000000000  +0.0000000000
+112.0000000000  -0.0000000000
+113.0000000000  +0.0000000000
+114.0000000000  -0.0000000000
+115.0000000000  +0.0000000000
+116.0000000000  -0.0000000000
+117.0000000000  +0.0000000000
+118.0000000000  -0.0000000000
+119.0000000000  +0.0000000000
+120.0000000000  -0.0000000000
+121.0000000000  +0.0000000000
+122.0000000000  -0.0000000000
+123.0000000000  +0.0000000000
+124.0000000000  -0.0000000000
+125.0000000000  +0.0000000000
+126.0000000000  -0.0000000000
+127.0000000000  +0.0000000000
+128.0000000000  -0.0000000000
+129.0000000000  +0.0000000000
+130.0000000000  -0.0000000000
+131.0000000000  +0.0000000000
+132.0000000000  -0.0000000000
+133.0000000000  +0.0000000000
+134.0000000000  -0.0000000000
+135.0000000000  +0.0000000000
+136.0000000000  -0.0000000000
+137.0000000000  +0.0000000000
+138.0000000000  -0.0000000000
+139.0000000000  +0.0000000000
+140.0000000000  -0.0000000000
+141.0000000000  +0.0000000000
+142.0000000000  -0.0000000000
+143.0000000000  +0.0000000000
+144.0000000000  -0.0000000000
+145.0000000000  +0.0000000000
+146.0000000000  -0.0000000000
+147.0000000000  +0.0000000000
+148.0000000000  -0.0000000000
+149.0000000000  +0.0000000000
+150.0000000000  -0.0000000000
+151.0000000000  +0.0000000000
+152.0000000000  -0.0000000000
+153.0000000000  +0.0000000000
+154.0000000000  -0.0000000000
+155.0000000000  +0.0000000000
+156.0000000000  -0.0000000000
+157.0000000000  +0.0000000000
+158.0000000000  -0.0000000000
+159.0000000000  +0.0000000000
+160.0000000000  -0.0000000000
+161.0000000000  +0.0000000000
+162.0000000000  -0.0000000000
+163.0000000000  +0.0000000000
+164.0000000000  -0.0000000000
+165.0000000000  +0.0000000000
+166.0000000000  -0.0000000000
+167.0000000000  +0.0000000000
+168.0000000000  -0.0000000000
+169.0000000000  +0.0000000000
+170.0000000000  -0.0000000000
+171.0000000000  +0.0000000000
+172.0000000000  -0.0000000000
+173.0000000000  +0.0000000000
+174.0000000000  -0.0000000000
+175.0000000000  +0.0000000000
+176.0000000000  -0.0000000000
+177.0000000000  +0.0000000000
+178.0000000000  -0.0000000000
+179.0000000000  +0.0000000000
+180.0000000000  -0.0000000000
+181.0000000000  +0.0000000000
+182.0000000000  -0.0000000000
+183.0000000000  +0.0000000000
+184.0000000000  -0.0000000000
+185.0000000000  +0.0000000000
+186.0000000000  -0.0000000000
+187.0000000000  +0.0000000000
+188.0000000000  -0.0000000000
+189.0000000000  +0.0000000000
+190.0000000000  -0.0000000000
+191.0000000000  +0.0000000000
+192.0000000000  -0.0000000000
+193.0000000000  +0.0000000000
+194.0000000000  -0.0000000000
+195.0000000000  +0.0000000000
+196.0000000000  -0.0000000000
+197.0000000000  +0.0000000000
+198.0000000000  -0.0000000000
+199.0000000000  +0.0000000000
+200.0000000000  -0.0000000000
+201.0000000000  +0.0000000000
+202.0000000000  -0.0000000000
+203.0000000000  +0.0000000000
+204.0000000000  -0.0000000000
+205.0000000000  +0.0000000000
+206.0000000000  -0.0000000000
+207.0000000000  +0.0000000000
+208.0000000000  -0.0000000000
+209.0000000000  +0.0000000000
+210.0000000000  -0.0000000000
+211.0000000000  +0.0000000000
+212.0000000000  -0.0000000000
+213.0000000000  +0.0000000000
+214.0000000000  -0.0000000000
+215.0000000000  +0.0000000000
+216.0000000000  -0.0000000000
+217.0000000000  +0.0000000000
+218.0000000000  -0.0000000000
+219.0000000000  +0.0000000000
+220.0000000000  -0.0000000000
+221.0000000000  +0.0000000000
+222.0000000000  -0.0000000000
+223.0000000000  +0.0000000000
+224.0000000000  -0.0000000000
+225.0000000000  +0.0000000000
+226.0000000000  -0.0000000000
+227.0000000000  +0.0000000000
+228.0000000000  -0.0000000000
+229.0000000000  +0.0000000000
+230.0000000000  -0.0000000000
+231.0000000000  +0.0000000000
+232.0000000000  -0.0000000000
+233.0000000000  +0.0000000000
+234.0000000000  -0.0000000000
+235.0000000000  +0.0000000000
+236.0000000000  -0.0000000000
+237.0000000000  +0.0000000000
+238.0000000000  -0.0000000000
+239.0000000000  +0.0000000000
+240.0000000000  -0.0000000000
+241.0000000000  +0.0000000000
+242.0000000000  -0.0000000000
+243.0000000000  +0.0000000000
+244.0000000000  -0.0000000000
+245.0000000000  +0.0000000000
+246.0000000000  -0.0000000000
+247.0000000000  +0.0000000000
+248.0000000000  -0.0000000000
+249.0000000000  +0.0000000000
+250.0000000000  -0.0000000000
+251.0000000000  +0.0000000000
+252.0000000000  -0.0000000000
+253.0000000000  +0.0000000000
+254.0000000000  -0.0000000000
+255.0000000000  +0.0000000000
+0.0000000000  +5.6100663591
+1.0000000000  +5.5743795857
+2.0000000000  +5.6216952269
+3.0000000000  +5.7380522187
+4.0000000000  +6.4520128987
+5.0000000000  +3.5976725081
+6.0000000000  +6.3257601648
+7.0000000000  +5.8385762216
+8.0000000000  +5.5701613691
+9.0000000000  +5.6142100071
+10.0000000000  +5.5780911208
+11.0000000000  +5.6075522538
+12.0000000000  +5.5826962128
+13.0000000000  +5.6041847713
+14.0000000000  +5.5852642896
+15.0000000000  +5.6021609881
+16.0000000000  +5.5869005595
+17.0000000000  +5.6008101128
+18.0000000000  +5.5880350317
+19.0000000000  +5.5998435486
+20.0000000000  +5.5888686359
+21.0000000000  +5.5991169917
+22.0000000000  +5.5895077058
+23.0000000000  +5.5985503239
+24.0000000000  +5.5900137623
+25.0000000000  +5.5980955075
+26.0000000000  +5.5904248650
+27.0000000000  +5.5977219921
+28.0000000000  +5.5907658217
+29.0000000000  +5.5974094213
+30.0000000000  +5.5910534936
+31.0000000000  +5.5971437082
+32.0000000000  +5.5912997416
+33.0000000000  +5.5969147942
+34.0000000000  +5.5915131520
+35.0000000000  +5.5967153050
+36.0000000000  +5.5917000938
+37.0000000000  +5.5965397111
+38.0000000000  +5.5918653913
+39.0000000000  +5.5963837844
+40.0000000000  +5.5920127655
+41.0000000000  +5.5962442366
+42.0000000000  +5.5921451330
+43.0000000000  +5.5961184720
+44.0000000000  +5.5922648121
+45.0000000000  +5.5960044136
+46.0000000000  +5.5923736689
+47.0000000000  +5.5959003798
+48.0000000000  +5.5924732226
+49.0000000000  +5.5958049947
+50.0000000000  +5.5925647226
+51.0000000000  +5.5957171212
+52.0000000000  +5.5926492061
+53.0000000000  +5.5956358113
+54.0000000000  +5.5927275412
+55.0000000000  +5.5955602684
+56.0000000000  +5.5928004602
+57.0000000000  +5.5954898180
+58.0000000000  +5.5928685855
+59.0000000000  +5.5954238851
+60.0000000000  +5.5929324492
+61.0000000000  +5.5953619764
+62.0000000000  +5.5929925092
+63.0000000000  +5.5953036662
+64.0000000000  +5.5930491617
+65.0000000000  +5.5952485852
+66.0000000000  +5.5931027516
+67.0000000000  +5.5951964113
+68.0000000000  +5.5931535802
+69.0000000000  +5.5951468619
+70.0000000000  +5.5932019124
+71.0000000000  +5.5950996886
+72.0000000000  +5.5932479818
+73.0000000000  +5.5950546714
+74.0000000000  +5.5932919955
+75.0000000000  +5.5950116152
+76.0000000000  +5.5933341378
+77.0000000000  +5.5949703458
+78.0000000000  +5.5933745732
+79.0000000000  +5.5949307075
+80.0000000000  +5.5934134493
+81.0000000000  +5.5948925605
+82.0000000000  +5.5934508988
+83.0000000000  +5.5948557786
+84.0000000000  +5.5934870415
+85.0000000000  +5.5948202478
+86.0000000000  +5.5935219862
+87.0000000000  +5.5947858647
+88.0000000000  +5.5935558314
+89.0000000000  +5.5947525349
+90.0000000000  +5.5935886672
+91.0000000000  +5.5947201725
+92.0000000000  +5.5936205760
+93.0000000000  +5.5946886985
+94.0000000000  +5.5936516334
+95.0000000000  +5.5946580404
+96.0000000000  +5.5936819089
+97.0000000000  +5.5946281313
+98.0000000000  +5.5937114670
+99.0000000000  +5.5945989094
+100.0000000000  +5.5937403671
+101.0000000000  +5.5945703171
+102.0000000000  +5.5937686648
+103.0000000000  +5.5945423010
+104.0000000000  +5.5937964118
+105.0000000000  +5.5945148111
+106.0000000000  +5.5938236565
+107.0000000000  +5.5944878003
+108.0000000000  +5.5938504443
+109.0000000000  +5.5944612246
+110.0000000000  +5.5938768183
+111.0000000000  +5.5944350423
+112.0000000000  +5.5939028189
+113.0000000000  +5.5944092137
+114.0000000000  +5.5939284848
+115.0000000000  +5.5943837013
+116.0000000000  +5.5939538528
+117.0000000000  +5.5943584690
+118.0000000000  +5.5939789580
+119.0000000000  +5.5943334824
+120.0000000000  +5.5940038343
+121.0000000000  +5.5943087082
+122.0000000000  +5.5940285145
+123.0000000000  +5.5942841141
+124.0000000000  +5.5940530303
+125.0000000000  +5.5942596689
+126.0000000000  +5.5940774125
+127.0000000000  +5.5942353421
+128.0000000000  +5.5941016915
+129.0000000000  +5.5942111035
+130.0000000000  +5.5941258970
+131.0000000000  +5.5941869238
+132.0000000000  +5.5941500583
+133.0000000000  +5.5941627736
+134.0000000000  +5.5941742047
+135.0000000000  +5.5941386237
+136.0000000000  +5.5941983653
+137.0000000000  +5.5941144451
+138.0000000000  +5.5942225692
+139.0000000000  +5.5940902085
+140.0000000000  +5.5942468459
+141.0000000000  +5.5940658844
+142.0000000000  +5.5942712250
+143.0000000000  +5.5940414428
+144.0000000000  +5.5942957368
+145.0000000000  +5.5940168530
+146.0000000000  +5.5943204122
+147.0000000000  +5.5939920840
+148.0000000000  +5.5943452829
+149.0000000000  +5.5939671035
+150.0000000000  +5.5943703816
+151.0000000000  +5.5939418782
+152.0000000000  +5.5943957421
+153.0000000000  +5.5939163737
+154.0000000000  +5.5944213996
+155.0000000000  +5.5938905540
+156.0000000000  +5.5944473908
+157.0000000000  +5.5938643815
+158.0000000000  +5.5944737544
+159.0000000000  +5.5938378168
+160.0000000000  +5.5945005307
+161.0000000000  +5.5938108182
+162.0000000000  +5.5945277626
+163.0000000000  +5.5937833416
+164.0000000000  +5.5945554956
+165.0000000000  +5.5937553401
+166.0000000000  +5.5945837780
+167.0000000000  +5.5937267638
+168.0000000000  +5.5946126615
+169.0000000000  +5.5936975594
+170.0000000000  +5.5946422013
+171.0000000000  +5.5936676694
+172.0000000000  +5.5946724569
+173.0000000000  +5.5936370320
+174.0000000000  +5.5947034926
+175.0000000000  +5.5936055806
+176.0000000000  +5.5947353778
+177.0000000000  +5.5935732428
+178.0000000000  +5.5947681879
+179.0000000000  +5.5935399398
+180.0000000000  +5.5948020052
+181.0000000000  +5.5935055858
+182.0000000000  +5.5948369194
+183.0000000000  +5.5934700869
+184.0000000000  +5.5948730289
+185.0000000000  +5.5934333397
+186.0000000000  +5.5949104422
+187.0000000000  +5.5933952305
+188.0000000000  +5.5949492786
+189.0000000000  +5.5933556336
+190.0000000000  +5.5949896707
+191.0000000000  +5.5933144095
+192.0000000000  +5.5950317656
+193.0000000000  +5.5932714030
+194.0000000000  +5.5950757272
+195.0000000000  +5.5932264403
+196.0000000000  +5.5951217394
+197.0000000000  +5.5931793270
+198.0000000000  +5.5951700085
+199.0000000000  +5.5931298439
+200.0000000000  +5.5952207674
+201.0000000000  +5.5930777432
+202.0000000000  +5.5952742802
+203.0000000000  +5.5930227435
+204.0000000000  +5.5953308470
+205.0000000000  +5.5929645238
+206.0000000000  +5.5953908115
+207.0000000000  +5.5929027160
+208.0000000000  +5.5954545684
+209.0000000000  +5.5928368961
+210.0000000000  +5.5955225738
+211.0000000000  +5.5927665728
+212.0000000000  +5.5955953578
+213.0000000000  +5.5926911735
+214.0000000000  +5.5956735399
+215.0000000000  +5.5926100266
+216.0000000000  +5.5957578493
+217.0000000000  +5.5925223391
+218.0000000000  +5.5958491502
+219.0000000000  +5.5924271675
+220.0000000000  +5.5959484746
+221.0000000000  +5.5923233803
+222.0000000000  +5.5960570657
+223.0000000000  +5.5922096087
+224.0000000000  +5.5961764346
+225.0000000000  +5.5920841802
+226.0000000000  +5.5963084371
+227.0000000000  +5.5919450299
+228.0000000000  +5.5964553776
+229.0000000000  +5.5917895777
+230.0000000000  +5.5966201545
+231.0000000000  +5.5916145566
+232.0000000000  +5.5968064642
+233.0000000000  +5.5914157677
+234.0000000000  +5.5970190966
+235.0000000000  +5.5911877220
+236.0000000000  +5.5972643723
+237.0000000000  +5.5909231035
+238.0000000000  +5.5975508073
+239.0000000000  +5.5906119397
+240.0000000000  +5.5978901569
+241.0000000000  +5.5902402748
+242.0000000000  +5.5982991189
+243.0000000000  +5.5897879603
+244.0000000000  +5.5988022356
+245.0000000000  +5.5892247913
+246.0000000000  +5.5994371140
+247.0000000000  +5.5885033398
+248.0000000000  +5.6002644493
+249.0000000000  +5.5875446456
+250.0000000000  +5.6013889393
+251.0000000000  +5.5862068298
+252.0000000000  +5.6030078891
+253.0000000000  +5.5842070944
+254.0000000000  +5.6055419449
+255.0000000000  +5.5808914256
+0.0000000000  +11.2198664117
+1.0000000000  +11.1491316975
+2.0000000000  +11.2409330052
+3.0000000000  +11.2842014077
+4.0000000000  +12.1026325172
+5.0000000000  +9.2013104701
+6.0000000000  +11.8505417028
+7.0000000000  +11.4847644963
+8.0000000000  +11.1382270516
+9.0000000000  +11.2285246024
+10.0000000000  +11.1561333749
+11.0000000000  +11.2151235763
+12.0000000000  +11.1653896392
+13.0000000000  +11.2083630691
+14.0000000000  +11.1705404910
+15.0000000000  +11.2043068458
+16.0000000000  +11.1738181371
+17.0000000000  +11.2016021522
+18.0000000000  +11.1760886635
+19.0000000000  +11.1996683153
+20.0000000000  +11.1777560106
+21.0000000000  +11.1982154365
+22.0000000000  +11.1790336695
+23.0000000000  +11.1970827416
+24.0000000000  +11.1800450402
+25.0000000000  +11.1961739129
+26.0000000000  +11.1808664075
+27.0000000000  +11.1954277353
+28.0000000000  +11.1815474658
+29.0000000000  +11.1948034413
+30.0000000000  +11.1821219755
+31.0000000000  +11.1942728314
+32.0000000000  +11.1826136755
+33.0000000000  +11.1938157774
+34.0000000000  +11.1830397454
+35.0000000000  +11.1934175267
+36.0000000000  +11.1834129246
+37.0000000000  +11.1930670203
+38.0000000000  +11.1837428604
+39.0000000000  +11.1927558042
+40.0000000000  +11.1840369925
+41.0000000000  +11.1924773048
+42.0000000000  +11.1843011509
+43.0000000000  +11.1922263336
+44.0000000000  +11.1845399689
+45.0000000000  +11.1919987398
+46.0000000000  +11.1847571757
+47.0000000000  +11.1917911635
+48.0000000000  +11.1849558067
+49.0000000000  +11.1916008556
+50.0000000000  +11.1851383580
+51.0000000000  +11.1914255444
+52.0000000000  +11.1853069014
+53.0000000000  +11.1912633365
+54.0000000000  +11.1854631709
+55.0000000000  +11.1911126406
+56.0000000000  +11.1856086292
+57.0000000000  +11.1909721099
+58.0000000000  +11.1857445189
+59.0000000000  +11.1908405961
+60.0000000000  +11.1858719028
+61.0000000000  +11.1907171141
+62.0000000000  +11.1859916950
+63.0000000000  +11.1906008141
+64.0000000000  +11.1861046869
+65.0000000000  +11.1904909586
+66.0000000000  +11.1862115667
+67.0000000000  +11.1903869044
+68.0000000000  +11.1863129361
+69.0000000000  +11.1902880878
+70.0000000000  +11.1864093238
+71.0000000000  +11.1901940125
+72.0000000000  +11.1865011963
+73.0000000000  +11.1901042397
+74.0000000000  +11.1865889667
+75.0000000000  +11.1900183798
+76.0000000000  +11.1866730030
+77.0000000000  +11.1899360852
+78.0000000000  +11.1867536335
+79.0000000000  +11.1898570453
+80.0000000000  +11.1868311526
+81.0000000000  +11.1897809808
+82.0000000000  +11.1869058254
+83.0000000000  +11.1897076400
+84.0000000000  +11.1869778910
+85.0000000000  +11.1896367955
+86.0000000000  +11.1870475661
+87.0000000000  +11.1895682407
+88.0000000000  +11.1871150476
+89.0000000000  +11.1895017876
+90.0000000000  +11.1871805152
+91.0000000000  +11.1894372645
+92.0000000000  +11.1872441332
+93.0000000000  +11.1893745140
+94.0000000000  +11.1873060524
+95.0000000000  +11.1893133913
+96.0000000000  +11.1873664118
+97.0000000000  +11.1892537631
+98.0000000000  +11.1874253397
+99.0000000000  +11.1891955059
+100.0000000000  +11.1874829549
+101.0000000000  +11.1891385051
+102.0000000000  +11.1875393680
+103.0000000000  +11.1890826539
+104.0000000000  +11.1875946823
+105.0000000000  +11.1890278524
+106.0000000000  +11.1876489943
+107.0000000000  +11.1889740072
+108.0000000000  +11.1877023947
+109.0000000000  +11.1889210302
+110.0000000000  +11.1877549692
+111.0000000000  +11.1888688381
+112.0000000000  +11.1878067986
+113.0000000000  +11.1888173521
+114.0000000000  +11.1878579600
+115.0000000000  +11.1887664971
+116.0000000000  +11.1879085266
+117.0000000000  +11.1887162013
+118.0000000000  +11.1879585687
+119.0000000000  +11.1886663960
+120.0000000000  +11.1880081538
+121.0000000000  +11.1886170148
+122.0000000000  +11.1880573472
+123.0000000000  +11.1885679934
+124.0000000000  +11.1881062121
+125.0000000000  +11.1885192696
+126.0000000000  +11.1881548101
+127.0000000000  +11.1884707823
+128.0000000000  +11.1882032016
+129.0000000000  +11.1884224718
+130.0000000000  +11.1882514458
+131.0000000000  +11.1883742792
+132.0000000000  +11.1882996014
+133.0000000000  +11.1883261462
+134.0000000000  +11.1883477264
+135.0000000000  +11.1882780146
+136.0000000000  +11.1883958790
+137.0000000000  +11.1882298265
+138.0000000000  +11.1884441172
+139.0000000000  +11.1881815235
+140.0000000000  +11.1884924996
+141.0000000000  +11.1881330468
+142.0000000000  +11.1885410855
+143.0000000000  +11.1880843367
+144.0000000000  +11.1885899352
+145.0000000000  +11.1880353322
+146.0000000000  +11.1886391101
+147.0000000000  +11.1879859711
+148.0000000000  +11.1886886734
+149.0000000000  +11.1879361892
+150.0000000000  +11.1887386903
+151.0000000000  +11.1878859204
+152.0000000000  +11.1887892282
+153.0000000000  +11.1878350960
+154.0000000000  +11.1888403571
+155.0000000000  +11.1877836443
+156.0000000000  +11.1888921502
+157.0000000000  +11.1877314905
+158.0000000000  +11.1889446843
+159.0000000000  +11.1876785560
+160.0000000000  +11.1889980401
+161.0000000000  +11.1876247576
+162.0000000000  +11.1890523029
+163.0000000000  +11.1875700078
+164.0000000000  +11.1891075631
+165.0000000000  +11.1875142130
+166.0000000000  +11.1891639171
+167.0000000000  +11.1874572740
+168.0000000000  +11.1892214677
+169.0000000000  +11.1873990844
+170.0000000000  +11.1892803250
+171.0000000000  +11.1873395298
+172.0000000000  +11.1893406075
+173.0000000000  +11.1872784874
+174.0000000000  +11.1894024430
+175.0000000000  +11.1872158243
+176.0000000000  +11.1894659698
+177.0000000000  +11.1871513963
+178.0000000000  +11.1895313380
+179.0000000000  +11.1870850468
+180.0000000000  +11.1895987114
+181.0000000000  +11.1870166049
+182.0000000000  +11.1896682687
+183.0000000000  +11.1869458833
+184.0000000000  +11.1897402058
+185.0000000000  +11.1868726767
+186.0000000000  +11.1898147385
+187.0000000000  +11.1867967586
+188.0000000000  +11.1898921046
+189.0000000000  +11.1867178787
+190.0000000000  +11.1899725676
+191.0000000000  +11.1866357593
+192.0000000000  +11.1900564205
+193.0000000000  +11.1865500914
+194.0000000000  +11.1901439897
+195.0000000000  +11.1864605295
+196.0000000000  +11.1902356408
+197.0000000000  +11.1863666864
+198.0000000000  +11.1903317847
+199.0000000000  +11.1862681260
+200.0000000000  +11.1904328848
+201.0000000000  +11.1861643551
+202.0000000000  +11.1905394663
+203.0000000000  +11.1860548137
+204.0000000000  +11.1906521269
+205.0000000000  +11.1859388633
+206.0000000000  +11.1907715500
+207.0000000000  +11.1858157714
+208.0000000000  +11.1908985210
+209.0000000000  +11.1856846946
+210.0000000000  +11.1910339474
+211.0000000000  +11.1855446555
+212.0000000000  +11.1911788834
+213.0000000000  +11.1853945150
+214.0000000000  +11.1913345615
+215.0000000000  +11.1852329374
+216.0000000000  +11.1915024319
+217.0000000000  +11.1850583455
+218.0000000000  +11.1916842133
+219.0000000000  +11.1848688629
+220.0000000000  +11.1918819579
+221.0000000000  +11.1846622400
+222.0000000000  +11.1920981375
+223.0000000000  +11.1844357550
+224.0000000000  +11.1923357563
+225.0000000000  +11.1841860833
+226.0000000000  +11.1925985032
+227.0000000000  +11.1839091206
+228.0000000000  +11.1928909585
+229.0000000000  +11.1835997391
+230.0000000000  +11.1932188815
+231.0000000000  +11.1832514475
+232.0000000000  +11.1935896165
+233.0000000000  +11.1828559040
+234.0000000000  +11.1940126782
+235.0000000000  +11.1824022067
+236.0000000000  +11.1945006187
+237.0000000000  +11.1818758285
+238.0000000000  +11.1950703452
+239.0000000000  +11.1812569735
+240.0000000000  +11.1957451887
+241.0000000000  +11.1805179487
+242.0000000000  +11.1965582764
+243.0000000000  +11.1796187895
+244.0000000000  +11.1975582763
+245.0000000000  +11.1784996157
+246.0000000000  +11.1988197201
+247.0000000000  +11.1770664634
+248.0000000000  +11.2004628105
+249.0000000000  +11.1751630266
+250.0000000000  +11.2026946972
+251.0000000000  +11.1725087558
+252.0000000000  +11.2059052571
+253.0000000000  +11.1685453033
+254.0000000000  +11.2109241648
+255.0000000000  +11.1619842956
+0.0000000000  +16.8293077815
+1.0000000000  +16.7243709876
+2.0000000000  +16.8595018200
+3.0000000000  +16.8320965653
+4.0000000000  +17.7487987968
+5.0000000000  +14.8108731002
+6.0000000000  +17.3716332176
+7.0000000000  +17.1317970117
+8.0000000000  +16.7063027961
+9.0000000000  +16.8428229020
+10.0000000000  +16.7342254173
+11.0000000000  +16.8226315805
+12.0000000000  +16.7481509141
+13.0000000000  +16.8124731274
+14.0000000000  +16.7558834486
+15.0000000000  +16.8063882789
+16.0000000000  +16.7607974794
+17.0000000000  +16.8023351661
+18.0000000000  +16.7641986335
+19.0000000000  +16.7994393195
+20.0000000000  +16.7666947122
+21.0000000000  +16.7972648422
+22.0000000000  +16.7686065322
+23.0000000000  +16.7955702598
+24.0000000000  +16.7701193505
+25.0000000000  +16.7942110299
+26.0000000000  +16.7713476074
+27.0000000000  +16.7930953476
+28.0000000000  +16.7723658095
+29.0000000000  +16.7921621055
+30.0000000000  +16.7732245494
+31.0000000000  +16.7913690529
+32.0000000000  +16.7739593882
+33.0000000000  +16.7906860428
+34.0000000000  +16.7745960522
+35.0000000000  +16.7900909868
+36.0000000000  +16.7751536134
+37.0000000000  +16.7895673304
+38.0000000000  +16.7756465110
+39.0000000000  +16.7891024218
+40.0000000000  +16.7760858780
+41.0000000000  +16.7886864254
+42.0000000000  +16.7764804364
+43.0000000000  +16.7883115788
+44.0000000000  +16.7768371174
+45.0000000000  +16.7879716740
+46.0000000000  +16.7771614982
+47.0000000000  +16.7876616860
+48.0000000000  +16.7774581183
+49.0000000000  +16.7873775035
+50.0000000000  +16.7777307100
+51.0000000000  +16.7871157304
+52.0000000000  +16.7779823707
+53.0000000000  +16.7868735357
+54.0000000000  +16.7782156928
+55.0000000000  +16.7866485409
+56.0000000000  +16.7784328627
+57.0000000000  +16.7864387325
+58.0000000000  +16.7786357378
+59.0000000000  +16.7862423944
+60.0000000000  +16.7788259063
+61.0000000000  +16.7860580546
+62.0000000000  +16.7790047346
+63.0000000000  +16.7858844428
+64.0000000000  +16.7791734050
+65.0000000000  +16.7857204572
+66.0000000000  +16.7793329460
+67.0000000000  +16.7855651366
+68.0000000000  +16.7794842566
+69.0000000000  +16.7854176388
+70.0000000000  +16.7796281268
+71.0000000000  +16.7852772223
+72.0000000000  +16.7797652533
+73.0000000000  +16.7851432316
+74.0000000000  +16.7798962537
+75.0000000000  +16.7850150844
+76.0000000000  +16.7800216772
+77.0000000000  +16.7848922620
+78.0000000000  +16.7801420146
+79.0000000000  +16.7847742999
+80.0000000000  +16.7802577056
+81.0000000000  +16.7846607812
+82.0000000000  +16.7803691460
+83.0000000000  +16.7845513300
+84.0000000000  +16.7804766929
+85.0000000000  +16.7844456065
+86.0000000000  +16.7805806701
+87.0000000000  +16.7843433023
+88.0000000000  +16.7806813716
+89.0000000000  +16.7842441365
+90.0000000000  +16.7807790657
+91.0000000000  +16.7841478527
+92.0000000000  +16.7808739979
+93.0000000000  +16.7840542159
+94.0000000000  +16.7809663934
+95.0000000000  +16.7839630100
+96.0000000000  +16.7810564595
+97.0000000000  +16.7838740358
+98.0000000000  +16.7811443879
+99.0000000000  +16.7837871089
+100.0000000000  +16.7812303560
+101.0000000000  +16.7837020582
+102.0000000000  +16.7813145291
+103.0000000000  +16.7836187243
+104.0000000000  +16.7813970611
+105.0000000000  +16.7835369581
+106.0000000000  +16.7814780963
+107.0000000000  +16.7834566201
+108.0000000000  +16.7815577701
+109.0000000000  +16.7833775787
+110.0000000000  +16.7816362102
+111.0000000000  +16.7832997097
+112.0000000000  +16.7817135374
+113.0000000000  +16.7832228955
+114.0000000000  +16.7817898667
+115.0000000000  +16.7831470238
+116.0000000000  +16.7818653075
+117.0000000000  +16.7830719878
+118.0000000000  +16.7819399646
+119.0000000000  +16.7829976845
+120.0000000000  +16.7820139387
+121.0000000000  +16.7829240151
+122.0000000000  +16.7820873274
+123.0000000000  +16.7828508837
+124.0000000000  +16.7821602248
+125.0000000000  +16.7827781972
+126.0000000000  +16.7822327230
+127.0000000000  +16.7827058648
+128.0000000000  +16.7823049120
+129.0000000000  +16.7826337971
+130.0000000000  +16.7823768802
+131.0000000000  +16.7825619064
+132.0000000000  +16.7824487151
+133.0000000000  +16.7824901057
+134.0000000000  +16.7825205034
+135.0000000000  +16.7824183082
+136.0000000000  +16.7825923317
+137.0000000000  +16.7823464275
+138.0000000000  +16.7826642866
+139.0000000000  +16.7822743765
+140.0000000000  +16.7827364556
+141.0000000000  +16.7822020674
+142.0000000000  +16.7828089270
+143.0000000000  +16.7821294113
+144.0000000000  +16.7828817907
+145.0000000000  +16.7820563172
+146.0000000000  +16.7829551384
+147.0000000000  +16.7819826923
+148.0000000000  +16.7830290643
+149.0000000000  +16.7819084410
+150.0000000000  +16.7831036656
+151.0000000000  +16.7818334646
+152.0000000000  +16.7831790427
+153.0000000000  +16.7817576607
+154.0000000000  +16.7832553001
+155.0000000000  +16.7816809225
+156.0000000000  +16.7833325470
+157.0000000000  +16.7816031383
+158.0000000000  +16.7834108977
+159.0000000000  +16.7815241910
+160.0000000000  +16.7834904726
+161.0000000000  +16.7814439568
+162.0000000000  +16.7835713988
+163.0000000000  +16.7813623048
+164.0000000000  +16.7836538112
+165.0000000000  +16.7812790960
+166.0000000000  +16.7837378534
+167.0000000000  +16.7811941823
+168.0000000000  +16.7838236784
+169.0000000000  +16.7811074049
+170.0000000000  +16.7839114506
+171.0000000000  +16.7810185938
+172.0000000000  +16.7840013464
+173.0000000000  +16.7809275656
+174.0000000000  +16.7840935564
+175.0000000000  +16.7808341223
+176.0000000000  +16.7841882866
+177.0000000000  +16.7807380492
+178.0000000000  +16.7842857609
+179.0000000000  +16.7806391128
+180.0000000000  +16.7843862230
+181.0000000000  +16.7805370584
+182.0000000000  +16.7844899393
+183.0000000000  +16.7804316072
+184.0000000000  +16.7845972018
+185.0000000000  +16.7803224530
+186.0000000000  +16.7847083319
+187.0000000000  +16.7802092585
+188.0000000000  +16.7848236840
+189.0000000000  +16.7800916508
+190.0000000000  +16.7849436506
+191.0000000000  +16.7799692162
+192.0000000000  +16.7850686681
+193.0000000000  +16.7798414943
+194.0000000000  +16.7851992228
+195.0000000000  +16.7797079706
+196.0000000000  +16.7853358594
+197.0000000000  +16.7795680683
+198.0000000000  +16.7854791897
+199.0000000000  +16.7794211377
+200.0000000000  +16.7856299040
+201.0000000000  +16.7792664443
+202.0000000000  +16.7857887845
+203.0000000000  +16.7791031544
+204.0000000000  +16.7859567213
+205.0000000000  +16.7789303166
+206.0000000000  +16.7861347321
+207.0000000000  +16.7787468406
+208.0000000000  +16.7863239866
+209.0000000000  +16.7785514704
+210.0000000000  +16.7865258357
+211.0000000000  +16.7783427505
+212.0000000000  +16.7867418493
+213.0000000000  +16.7781189854
+214.0000000000  +16.7869738619
+215.0000000000  +16.7778781865
+216.0000000000  +16.7872240326
+217.0000000000  +16.7776180059
+218.0000000000  +16.7874949194
+219.0000000000  +16.7773356512
+220.0000000000  +16.7877895768
+221.0000000000  +16.7770277740
+222.0000000000  +16.7881116831
+223.0000000000  +16.7766903243
+224.0000000000  +16.7884657088
+225.0000000000  +16.7763183555
+226.0000000000  +16.7888571417
+227.0000000000  +16.7759057615
+228.0000000000  +16.7892927957
+229.0000000000  +16.7754449154
+230.0000000000  +16.7897812366
+231.0000000000  +16.7749261629
+232.0000000000  +16.7903333856
+233.0000000000  +16.7743371011
+234.0000000000  +16.7909633884
+235.0000000000  +16.7736615236
+236.0000000000  +16.7916899021
+237.0000000000  +16.7728778408
+238.0000000000  +16.7925380500
+239.0000000000  +16.7719566412
+240.0000000000  +16.7935424897
+241.0000000000  +16.7708567957
+242.0000000000  +16.7947524114
+243.0000000000  +16.7695189742
+244.0000000000  +16.7962400480
+245.0000000000  +16.7678543270
+246.0000000000  +16.7981159558
+247.0000000000  +16.7657235203
+248.0000000000  +16.8005583076
+249.0000000000  +16.7628949680
+250.0000000000  +16.8038738658
+251.0000000000  +16.7589534560
+252.0000000000  +16.8086392505
+253.0000000000  +16.7530738815
+254.0000000000  +16.8160792908
+255.0000000000  +16.7433565831
+0.0000000000  +22.4383012296
+1.0000000000  +22.3002061110
+2.0000000000  +22.4772586566
+3.0000000000  +22.3819149399
+4.0000000000  +23.3903908635
+5.0000000000  +20.4262963205
+6.0000000000  +22.8892597241
+7.0000000000  +22.7794381490
+8.0000000000  +22.2745591636
+9.0000000000  +22.4569810696
+10.0000000000  +22.3124665108
+11.0000000000  +22.4299936398
+12.0000000000  +22.3310507109
+13.0000000000  +22.4164532568
+14.0000000000  +22.3413478616
+15.0000000000  +22.4083561780
+16.0000000000  +22.3478831244
+17.0000000000  +22.4029684240
+18.0000000000  +22.3524024514
+19.0000000000  +22.3991218115
+20.0000000000  +22.3557170982
+21.0000000000  +22.3962349445
+22.0000000000  +22.3582547101
+23.0000000000  +22.3939861058
+24.0000000000  +22.3602619945
+25.0000000000  +22.3921828831
+26.0000000000  +22.3618912398
+27.0000000000  +22.3907031472
+28.0000000000  +22.3632415353
+29.0000000000  +22.3894656488
+30.0000000000  +22.3643801349
+31.0000000000  +22.3884142352
+32.0000000000  +22.3653542916
+33.0000000000  +22.3875088540
+34.0000000000  +22.3661981791
+35.0000000000  +22.3867201681
+36.0000000000  +22.3669371246
+37.0000000000  +22.3860261967
+38.0000000000  +22.3675902984
+39.0000000000  +22.3854101441
+40.0000000000  +22.3681724779
+41.0000000000  +22.3848589563
+42.0000000000  +22.3686952386
+43.0000000000  +22.3843623325
+44.0000000000  +22.3691677771
+45.0000000000  +22.3839120358
+46.0000000000  +22.3695974931
+47.0000000000  +22.3835014000
+48.0000000000  +22.3699904081
+49.0000000000  +22.3831249719
+50.0000000000  +22.3703514726
+51.0000000000  +22.3827782469
+52.0000000000  +22.3706847943
+53.0000000000  +22.3824574711
+54.0000000000  +22.3709938111
+55.0000000000  +22.3821594904
+56.0000000000  +22.3712814220
+57.0000000000  +22.3818816351
+58.0000000000  +22.3715500896
+59.0000000000  +22.3816216299
+60.0000000000  +22.3718019194
+61.0000000000  +22.3813775234
+62.0000000000  +22.3720387229
+63.0000000000  +22.3811476319
+64.0000000000  +22.3722620672
+65.0000000000  +22.3809304947
+66.0000000000  +22.3724733155
+67.0000000000  +22.3807248379
+68.0000000000  +22.3726736595
+69.0000000000  +22.3805295454
+70.0000000000  +22.3728641460
+71.0000000000  +22.3803436344
+72.0000000000  +22.3730456985
+73.0000000000  +22.3801662362
+74.0000000000  +22.3732191352
+75.0000000000  +22.3799965793
+76.0000000000  +22.3733851840
+77.0000000000  +22.3798339762
+78.0000000000  +22.3735444951
+79.0000000000  +22.3796778116
+80.0000000000  +22.3736976513
+81.0000000000  +22.3795275330
+82.0000000000  +22.3738451768
+83.0000000000  +22.3793826425
+84.0000000000  +22.3739875448
+85.0000000000  +22.3792426898
+86.0000000000  +22.3741251843
+87.0000000000  +22.3791072664
+88.0000000000  +22.3742584847
+89.0000000000  +22.3789760002
+90.0000000000  +22.3743878016
+91.0000000000  +22.3788485515
+92.0000000000  +22.3745134599
+93.0000000000  +22.3787246090
+94.0000000000  +22.3746357580
+95.0000000000  +22.3786038866
+96.0000000000  +22.3747549707
+97.0000000000  +22.3784861203
+98.0000000000  +22.3748713517
+99.0000000000  +22.3783710660
+100.0000000000  +22.3749851360
+101.0000000000  +22.3782584969
+102.0000000000  +22.3750965425
+103.0000000000  +22.3781482021
+104.0000000000  +22.3752057751
+105.0000000000  +22.3780399841
+106.0000000000  +22.3753130247
+107.0000000000  +22.3779336581
+108.0000000000  +22.3754184707
+109.0000000000  +22.3778290499
+110.0000000000  +22.3755222823
+111.0000000000  +22.3777259950
+112.0000000000  +22.3756246194
+113.0000000000  +22.3776243376
+114.0000000000  +22.3757256341
+115.0000000000  +22.3775239293
+116.0000000000  +22.3758254714
+117.0000000000  +22.3774246284
+118.0000000000  +22.3759242700
+119.0000000000  +22.3773262988
+120.0000000000  +22.3760221634
+121.0000000000  +22.3772288095
+122.0000000000  +22.3761192804
+123.0000000000  +22.3771320336
+124.0000000000  +22.3762157459
+125.0000000000  +22.3770358481
+126.0000000000  +22.3763116816
+127.0000000000  +22.3769401324
+128.0000000000  +22.3764072067
+129.0000000000  +22.3768447686
+130.0000000000  +22.3765024382
+131.0000000000  +22.3767496404
+132.0000000000  +22.3765974919
+133.0000000000  +22.3766546326
+134.0000000000  +22.3766924824
+135.0000000000  +22.3765596306
+136.0000000000  +22.3767875245
+137.0000000000  +22.3764645199
+138.0000000000  +22.3768827327
+139.0000000000  +22.3763691853
+140.0000000000  +22.3769782226
+141.0000000000  +22.3762735107
+142.0000000000  +22.3770741113
+143.0000000000  +22.3761773783
+144.0000000000  +22.3771705175
+145.0000000000  +22.3760806680
+146.0000000000  +22.3772675627
+147.0000000000  +22.3759832568
+148.0000000000  +22.3773653714
+149.0000000000  +22.3758850184
+150.0000000000  +22.3774640721
+151.0000000000  +22.3757858222
+152.0000000000  +22.3775637976
+153.0000000000  +22.3756855328
+154.0000000000  +22.3776646863
+155.0000000000  +22.3755840088
+156.0000000000  +22.3777668823
+157.0000000000  +22.3754811028
+158.0000000000  +22.3778705370
+159.0000000000  +22.3753766597
+160.0000000000  +22.3779758095
+161.0000000000  +22.3752705158
+162.0000000000  +22.3780828680
+163.0000000000  +22.3751624982
+164.0000000000  +22.3781918907
+165.0000000000  +22.3750524230
+166.0000000000  +22.3783030673
+167.0000000000  +22.3749400942
+168.0000000000  +22.3784166005
+169.0000000000  +22.3748253023
+170.0000000000  +22.3785327074
+171.0000000000  +22.3747078222
+172.0000000000  +22.3786516212
+173.0000000000  +22.3745874116
+174.0000000000  +22.3787735939
+175.0000000000  +22.3744638088
+176.0000000000  +22.3788988978
+177.0000000000  +22.3743367298
+178.0000000000  +22.3790278288
+179.0000000000  +22.3742058662
+180.0000000000  +22.3791607091
+181.0000000000  +22.3740708812
+182.0000000000  +22.3792978908
+183.0000000000  +22.3739314064
+184.0000000000  +22.3794397598
+185.0000000000  +22.3737870371
+186.0000000000  +22.3795867408
+187.0000000000  +22.3736373274
+188.0000000000  +22.3797393021
+189.0000000000  +22.3734817847
+190.0000000000  +22.3798979627
+191.0000000000  +22.3733198622
+192.0000000000  +22.3800632990
+193.0000000000  +22.3731509516
+194.0000000000  +22.3802359537
+195.0000000000  +22.3729743730
+196.0000000000  +22.3804166463
+197.0000000000  +22.3727893643
+198.0000000000  +22.3806061854
+199.0000000000  +22.3725950671
+200.0000000000  +22.3808054829
+201.0000000000  +22.3723905111
+202.0000000000  +22.3810155722
+203.0000000000  +22.3721745948
+204.0000000000  +22.3812376292
+205.0000000000  +22.3719460615
+206.0000000000  +22.3814729982
+207.0000000000  +22.3717034711
+208.0000000000  +22.3817232240
+209.0000000000  +22.3714451643
+210.0000000000  +22.3819900912
+211.0000000000  +22.3711692193
+212.0000000000  +22.3822756727
+213.0000000000  +22.3708733965
+214.0000000000  +22.3825823917
+215.0000000000  +22.3705550701
+216.0000000000  +22.3829130986
+217.0000000000  +22.3702111401
+218.0000000000  +22.3832711711
+219.0000000000  +22.3698379194
+220.0000000000  +22.3836606418
+221.0000000000  +22.3694309880
+222.0000000000  +22.3840863665
+223.0000000000  +22.3689849996
+224.0000000000  +22.3845542453
+225.0000000000  +22.3684934258
+226.0000000000  +22.3850715210
+227.0000000000  +22.3679482090
+228.0000000000  +22.3856471847
+229.0000000000  +22.3673392855
+230.0000000000  +22.3862925374
+231.0000000000  +22.3666539199
+232.0000000000  +22.3870219849
+233.0000000000  +22.3658757532
+234.0000000000  +22.3878541826
+235.0000000000  +22.3649834150
+236.0000000000  +22.3888137294
+237.0000000000  +22.3639484439
+238.0000000000  +22.3899337404
+239.0000000000  +22.3627320784
+240.0000000000  +22.3912598834
+241.0000000000  +22.3612801333
+242.0000000000  +22.3928569502
+243.0000000000  +22.3595144783
+244.0000000000  +22.3948200394
+245.0000000000  +22.3573181693
+246.0000000000  +22.3972946215
+247.0000000000  +22.3545079327
+248.0000000000  +22.4005149674
+249.0000000000  +22.3507794002
+250.0000000000  +22.4048840453
+251.0000000000  +22.3455874583
+252.0000000000  +22.4111583490
+253.0000000000  +22.3378505074
+254.0000000000  +22.4209418658
+255.0000000000  +22.3250838658
+0.0000000000  +28.0467611571
+1.0000000000  +27.8767407702
+2.0000000000  +28.0940681842
+3.0000000000  +27.9338203447
+4.0000000000  +29.0273085754
+5.0000000000  +26.0474930624
+6.0000000000  +28.4036630246
+7.0000000000  +28.4274444790
+8.0000000000  +27.8431691236
+9.0000000000  +28.0708746811
+10.0000000000  +27.8909559318
+11.0000000000  +28.0371273891
+12.0000000000  +27.9141593092
+13.0000000000  +28.0202422237
+14.0000000000  +27.9269879486
+15.0000000000  +28.0101619212
+16.0000000000  +27.9351191268
+17.0000000000  +28.0034616687
+18.0000000000  +27.9407371669
+19.0000000000  +27.9986814871
+20.0000000000  +27.9448550963
+21.0000000000  +27.9950958940
+22.0000000000  +27.9480062196
+23.0000000000  +27.9923038922
+24.0000000000  +27.9504979018
+25.0000000000  +27.9900658553
+26.0000000000  +27.9525197335
+27.0000000000  +27.9882297860
+28.0000000000  +27.9541950034
+29.0000000000  +27.9866946180
+30.0000000000  +27.9556073500
+31.0000000000  +27.9853905324
+32.0000000000  +27.9568155154
+33.0000000000  +27.9842677473
+34.0000000000  +27.9578619678
+35.0000000000  +27.9832898104
+36.0000000000  +27.9587781734
+37.0000000000  +27.9824294163
+38.0000000000  +27.9595879427
+39.0000000000  +27.9816657063
+40.0000000000  +27.9603096265
+41.0000000000  +27.9809824712
+42.0000000000  +27.9609575966
+43.0000000000  +27.9803669231
+44.0000000000  +27.9615432694
+45.0000000000  +27.9798088377
+46.0000000000  +27.9620758290
+47.0000000000  +27.9792999416
+48.0000000000  +27.9625627484
+49.0000000000  +27.9788334679
+50.0000000000  +27.9630101703
+51.0000000000  +27.9784038272
+52.0000000000  +27.9634231914
+53.0000000000  +27.9780063621
+54.0000000000  +27.9638060766
+55.0000000000  +27.9776371599
+56.0000000000  +27.9641624221
+57.0000000000  +27.9772929091
+58.0000000000  +27.9644952825
+59.0000000000  +27.9769707876
+60.0000000000  +27.9648072693
+61.0000000000  +27.9766683752
+62.0000000000  +27.9651006288
+63.0000000000  +27.9763835837
+64.0000000000  +27.9653773045
+65.0000000000  +27.9761146018
+66.0000000000  +27.9656389870
+67.0000000000  +27.9758598500
+68.0000000000  +27.9658871537
+69.0000000000  +27.9756179444
+70.0000000000  +27.9661231026
+71.0000000000  +27.9753876665
+72.0000000000  +27.9663479786
+73.0000000000  +27.9751679392
+74.0000000000  +27.9665627961
+75.0000000000  +27.9749578062
+76.0000000000  +27.9667684576
+77.0000000000  +27.9747564150
+78.0000000000  +27.9669657689
+79.0000000000  +27.9745630032
+80.0000000000  +27.9671554525
+81.0000000000  +27.9743768858
+82.0000000000  +27.9673381580
+83.0000000000  +27.9741974456
+84.0000000000  +27.9675144722
+85.0000000000  +27.9740241246
+86.0000000000  +27.9676849266
+87.0000000000  +27.9738564164
+88.0000000000  +27.9678500039
+89.0000000000  +27.9736938600
+90.0000000000  +27.9680101447
+91.0000000000  +27.9735360342
+92.0000000000  +27.9681657518
+93.0000000000  +27.9733825535
+94.0000000000  +27.9683171949
+95.0000000000  +27.9732330631
+96.0000000000  +27.9684648143
+97.0000000000  +27.9730872361
+98.0000000000  +27.9686089246
+99.0000000000  +27.9729447698
+100.0000000000  +27.9687498171
+101.0000000000  +27.9728053834
+102.0000000000  +27.9688877627
+103.0000000000  +27.9726688154
+104.0000000000  +27.9690230142
+105.0000000000  +27.9725348214
+106.0000000000  +27.9691558081
+107.0000000000  +27.9724031721
+108.0000000000  +27.9692863666
+109.0000000000  +27.9722736520
+110.0000000000  +27.9694148993
+111.0000000000  +27.9721460572
+112.0000000000  +27.9695416044
+113.0000000000  +27.9720201947
+114.0000000000  +27.9696666702
+115.0000000000  +27.9718958808
+116.0000000000  +27.9697902763
+117.0000000000  +27.9717729398
+118.0000000000  +27.9699125944
+119.0000000000  +27.9716512032
+120.0000000000  +27.9700337899
+121.0000000000  +27.9715305089
+122.0000000000  +27.9701540224
+123.0000000000  +27.9714106996
+124.0000000000  +27.9702734465
+125.0000000000  +27.9712916230
+126.0000000000  +27.9703922129
+127.0000000000  +27.9711731299
+128.0000000000  +27.9705104692
+129.0000000000  +27.9710550742
+130.0000000000  +27.9706283603
+131.0000000000  +27.9709373119
+132.0000000000  +27.9707460294
+133.0000000000  +27.9708197005
+134.0000000000  +27.9708636187
+135.0000000000  +27.9707020980
+136.0000000000  +27.9709812698
+137.0000000000  +27.9705843626
+138.0000000000  +27.9710991250
+139.0000000000  +27.9704663520
+140.0000000000  +27.9712173271
+141.0000000000  +27.9703479222
+142.0000000000  +27.9713360209
+143.0000000000  +27.9702289276
+144.0000000000  +27.9714553535
+145.0000000000  +27.9701092194
+146.0000000000  +27.9715754753
+147.0000000000  +27.9699886456
+148.0000000000  +27.9716965402
+149.0000000000  +27.9698670497
+150.0000000000  +27.9718187073
+151.0000000000  +27.9697442702
+152.0000000000  +27.9719421411
+153.0000000000  +27.9696201395
+154.0000000000  +27.9720670124
+155.0000000000  +27.9694944829
+156.0000000000  +27.9721934999
+157.0000000000  +27.9693671177
+158.0000000000  +27.9723217907
+159.0000000000  +27.9692378522
+160.0000000000  +27.9724520816
+161.0000000000  +27.9691064839
+162.0000000000  +27.9725845807
+163.0000000000  +27.9689727988
+164.0000000000  +27.9727195085
+165.0000000000  +27.9688365696
+166.0000000000  +27.9728570996
+167.0000000000  +27.9686975539
+168.0000000000  +27.9729976047
+169.0000000000  +27.9685554923
+170.0000000000  +27.9731412923
+171.0000000000  +27.9684101066
+172.0000000000  +27.9732884509
+173.0000000000  +27.9682610972
+174.0000000000  +27.9734393920
+175.0000000000  +27.9681081402
+176.0000000000  +27.9735944524
+177.0000000000  +27.9679508848
+178.0000000000  +27.9737539981
+179.0000000000  +27.9677889493
+180.0000000000  +27.9739184274
+181.0000000000  +27.9676219174
+182.0000000000  +27.9740881757
+183.0000000000  +27.9674493334
+184.0000000000  +27.9742637203
+185.0000000000  +27.9672706970
+186.0000000000  +27.9744455861
+187.0000000000  +27.9670854571
+188.0000000000  +27.9746343523
+189.0000000000  +27.9668930044
+190.0000000000  +27.9748306602
+191.0000000000  +27.9666926631
+192.0000000000  +27.9750352226
+193.0000000000  +27.9664836810
+194.0000000000  +27.9752488341
+195.0000000000  +27.9662652180
+196.0000000000  +27.9754723840
+197.0000000000  +27.9660363316
+198.0000000000  +27.9757068716
+199.0000000000  +27.9657959610
+200.0000000000  +27.9759534243
+201.0000000000  +27.9655429071
+202.0000000000  +27.9762133192
+203.0000000000  +27.9652758083
+204.0000000000  +27.9764880095
+205.0000000000  +27.9649931117
+206.0000000000  +27.9767791566
+207.0000000000  +27.9646930375
+208.0000000000  +27.9770886695
+209.0000000000  +27.9643735355
+210.0000000000  +27.9774187531
+211.0000000000  +27.9640322310
+212.0000000000  +27.9777719687
+213.0000000000  +27.9636663571
+214.0000000000  +27.9781513099
+215.0000000000  +27.9632726699
+216.0000000000  +27.9785602981
+217.0000000000  +27.9628473399
+218.0000000000  +27.9790031054
+219.0000000000  +27.9623858131
+220.0000000000  +27.9794847126
+221.0000000000  +27.9618826304
+222.0000000000  +27.9800111163
+223.0000000000  +27.9613311899
+224.0000000000  +27.9805896021
+225.0000000000  +27.9607234307
+226.0000000000  +27.9812291126
+227.0000000000  +27.9600494048
+228.0000000000  +27.9819407468
+229.0000000000  +27.9592966903
+230.0000000000  +27.9827384534
+231.0000000000  +27.9584495693
+232.0000000000  +27.9836400096
+233.0000000000  +27.9574878563
+234.0000000000  +27.9846684322
+235.0000000000  +27.9563851880
+236.0000000000  +27.9858540637
+237.0000000000  +27.9551064622
+238.0000000000  +27.9872377397
+239.0000000000  +27.9536038879
+240.0000000000  +27.9888757567
+241.0000000000  +27.9518106809
+242.0000000000  +27.9908479558
+243.0000000000  +27.9496305853
+244.0000000000  +27.9932714693
+245.0000000000  +27.9469196004
+246.0000000000  +27.9963253703
+247.0000000000  +27.9434521943
+248.0000000000  +28.0002978365
+249.0000000000  +27.9388541248
+250.0000000000  +28.0056840976
+251.0000000000  +27.9324558628
+252.0000000000  +28.0134126715
+253.0000000000  +27.9229309428
+254.0000000000  +28.0254487264
+255.0000000000  +27.9072388903
+0.0000000000  +33.6546060807
+1.0000000000  +33.4540731610
+2.0000000000  +33.7098033852
+3.0000000000  +33.4879625781
+4.0000000000  +34.6594727450
+5.0000000000  +31.6743536709
+6.0000000000  +33.9151007746
+7.0000000000  +34.0755658402
+8.0000000000  +33.4123071204
+9.0000000000  +33.6843794646
+10.0000000000  +33.4697923694
+11.0000000000  +33.6439512284
+12.0000000000  +33.4975461635
+13.0000000000  +33.6237796270
+14.0000000000  +33.5128571121
+15.0000000000  +33.6117576745
+16.0000000000  +33.5225487860
+17.0000000000  +33.6037753652
+18.0000000000  +33.5292391405
+19.0000000000  +33.5980846998
+20.0000000000  +33.5341400059
+21.0000000000  +33.5938184416
+22.0000000000  +33.5378885033
+23.0000000000  +33.5904977810
+24.0000000000  +33.5408514756
+25.0000000000  +33.5878368342
+26.0000000000  +33.5432550328
+27.0000000000  +33.5856543822
+28.0000000000  +33.5452461253
+29.0000000000  +33.5838299916
+30.0000000000  +33.5469243964
+31.0000000000  +33.5822805005
+32.0000000000  +33.5483598010
+33.0000000000  +33.5809466347
+34.0000000000  +33.5496028974
+35.0000000000  +33.5797850043
+36.0000000000  +33.5506911348
+37.0000000000  +33.5787631159
+38.0000000000  +33.5516528447
+39.0000000000  +33.5778561535
+40.0000000000  +33.5525098572
+41.0000000000  +33.5770448360
+42.0000000000  +33.5532792660
+43.0000000000  +33.5763139552
+44.0000000000  +33.5539746471
+45.0000000000  +33.5756513534
+46.0000000000  +33.5546069207
+47.0000000000  +33.5750471941
+48.0000000000  +33.5551849708
+49.0000000000  +33.5744934330
+50.0000000000  +33.5557160995
+51.0000000000  +33.5739834266
+52.0000000000  +33.5562063644
+53.0000000000  +33.5735116392
+54.0000000000  +33.5566608342
+55.0000000000  +33.5730734212
+56.0000000000  +33.5570837825
+57.0000000000  +33.5726648374
+58.0000000000  +33.5574788387
+59.0000000000  +33.5722825347
+60.0000000000  +33.5578491057
+61.0000000000  +33.5719236375
+62.0000000000  +33.5581972523
+63.0000000000  +33.5715856653
+64.0000000000  +33.5585255875
+65.0000000000  +33.5712664662
+66.0000000000  +33.5588361191
+67.0000000000  +33.5709641640
+68.0000000000  +33.5591306024
+69.0000000000  +33.5706771148
+70.0000000000  +33.5594105789
+71.0000000000  +33.5704038716
+72.0000000000  +33.5596774084
+73.0000000000  +33.5701431550
+74.0000000000  +33.5599322958
+75.0000000000  +33.5698938293
+76.0000000000  +33.5601763127
+77.0000000000  +33.5696548823
+78.0000000000  +33.5604104161
+79.0000000000  +33.5694254084
+80.0000000000  +33.5606354638
+81.0000000000  +33.5692045943
+82.0000000000  +33.5608522275
+83.0000000000  +33.5689917072
+84.0000000000  +33.5610614036
+85.0000000000  +33.5687860845
+86.0000000000  +33.5612636231
+87.0000000000  +33.5685871250
+88.0000000000  +33.5614594594
+89.0000000000  +33.5683942813
+90.0000000000  +33.5616494354
+91.0000000000  +33.5682070537
+92.0000000000  +33.5618340292
+93.0000000000  +33.5680249840
+94.0000000000  +33.5620136799
+95.0000000000  +33.5678476515
+96.0000000000  +33.5621887914
+97.0000000000  +33.5676746678
+98.0000000000  +33.5623597370
+99.0000000000  +33.5675056739
+100.0000000000  +33.5625268626
+101.0000000000  +33.5673403364
+102.0000000000  +33.5626904897
+103.0000000000  +33.5671783448
+104.0000000000  +33.5628509183
+105.0000000000  +33.5670194091
+106.0000000000  +33.5630084291
+107.0000000000  +33.5668632573
+108.0000000000  +33.5631632859
+109.0000000000  +33.5667096334
+110.0000000000  +33.5633157373
+111.0000000000  +33.5665582957
+112.0000000000  +33.5634660186
+113.0000000000  +33.5664090151
+114.0000000000  +33.5636143531
+115.0000000000  +33.5662615734
+116.0000000000  +33.5637609539
+117.0000000000  +33.5661157625
+118.0000000000  +33.5639060250
+119.0000000000  +33.5659713823
+120.0000000000  +33.5640497624
+121.0000000000  +33.5658282404
+122.0000000000  +33.5641923554
+123.0000000000  +33.5656861504
+124.0000000000  +33.5643339875
+125.0000000000  +33.5655449314
+126.0000000000  +33.5644748376
+127.0000000000  +33.5654044066
+128.0000000000  +33.5646150805
+129.0000000000  +33.5652644027
+130.0000000000  +33.5647548882
+131.0000000000  +33.5651247488
+132.0000000000  +33.5648944305
+133.0000000000  +33.5649852759
+134.0000000000  +33.5650338761
+135.0000000000  +33.5648458157
+136.0000000000  +33.5651733929
+137.0000000000  +33.5647062000
+138.0000000000  +33.5653131496
+139.0000000000  +33.5645662600
+140.0000000000  +33.5654533155
+141.0000000000  +33.5644258252
+142.0000000000  +33.5655940625
+143.0000000000  +33.5642847226
+144.0000000000  +33.5657355647
+145.0000000000  +33.5641427761
+146.0000000000  +33.5658780005
+147.0000000000  +33.5639998053
+148.0000000000  +33.5660215526
+149.0000000000  +33.5638556249
+150.0000000000  +33.5661664092
+151.0000000000  +33.5637100433
+152.0000000000  +33.5663127654
+153.0000000000  +33.5635628618
+154.0000000000  +33.5664608239
+155.0000000000  +33.5634138735
+156.0000000000  +33.5666107961
+157.0000000000  +33.5632628618
+158.0000000000  +33.5667629040
+159.0000000000  +33.5631095994
+160.0000000000  +33.5669173808
+161.0000000000  +33.5629538466
+162.0000000000  +33.5670744731
+163.0000000000  +33.5627953496
+164.0000000000  +33.5672344421
+165.0000000000  +33.5626338391
+166.0000000000  +33.5673975659
+167.0000000000  +33.5624690278
+168.0000000000  +33.5675641414
+169.0000000000  +33.5623006085
+170.0000000000  +33.5677344868
+171.0000000000  +33.5621282515
+172.0000000000  +33.5679089440
+173.0000000000  +33.5619516019
+174.0000000000  +33.5680878819
+175.0000000000  +33.5617702759
+176.0000000000  +33.5682716996
+177.0000000000  +33.5615838580
+178.0000000000  +33.5684608306
+179.0000000000  +33.5613918960
+180.0000000000  +33.5686557468
+181.0000000000  +33.5611938967
+182.0000000000  +33.5688569639
+183.0000000000  +33.5609893205
+184.0000000000  +33.5690650472
+185.0000000000  +33.5607775747
+186.0000000000  +33.5692806184
+187.0000000000  +33.5605580066
+188.0000000000  +33.5695043636
+189.0000000000  +33.5603298945
+190.0000000000  +33.5697370424
+191.0000000000  +33.5600924381
+192.0000000000  +33.5699794988
+193.0000000000  +33.5598447466
+194.0000000000  +33.5702326737
+195.0000000000  +33.5595858251
+196.0000000000  +33.5704976204
+197.0000000000  +33.5593145577
+198.0000000000  +33.5707755221
+199.0000000000  +33.5590296882
+200.0000000000  +33.5710677137
+201.0000000000  +33.5587297968
+202.0000000000  +33.5713757073
+203.0000000000  +33.5584132714
+204.0000000000  +33.5717012233
+205.0000000000  +33.5580782736
+206.0000000000  +33.5720462286
+207.0000000000  +33.5577226965
+208.0000000000  +33.5724129830
+209.0000000000  +33.5573441132
+210.0000000000  +33.5728040965
+211.0000000000  +33.5569397128
+212.0000000000  +33.5732226007
+213.0000000000  +33.5565062205
+214.0000000000  +33.5736720385
+215.0000000000  +33.5560397973
+216.0000000000  +33.5741565773
+217.0000000000  +33.5555359115
+218.0000000000  +33.5746811538
+219.0000000000  +33.5549891745
+220.0000000000  +33.5752516613
+221.0000000000  +33.5543931276
+222.0000000000  +33.5758751941
+223.0000000000  +33.5537399608
+224.0000000000  +33.5765603707
+225.0000000000  +33.5530201393
+226.0000000000  +33.5773177678
+227.0000000000  +33.5522218979
+228.0000000000  +33.5781605110
+229.0000000000  +33.5513305476
+230.0000000000  +33.5791050931
+231.0000000000  +33.5503275055
+232.0000000000  +33.5801725300
+233.0000000000  +33.5491889113
+234.0000000000  +33.5813900258
+235.0000000000  +33.5478836089
+236.0000000000  +33.5827934344
+237.0000000000  +33.5463701258
+238.0000000000  +33.5844309955
+239.0000000000  +33.5445920146
+240.0000000000  +33.5863691916
+241.0000000000  +33.5424704222
+242.0000000000  +33.5887022730
+243.0000000000  +33.5398917456
+244.0000000000  +33.5915684480
+245.0000000000  +33.5366861199
+246.0000000000  +33.5951788897
+247.0000000000  +33.5325876744
+248.0000000000  +33.5998731905
+249.0000000000  +33.5271555889
+250.0000000000  +33.6062343914
+251.0000000000  +33.5196020746
+252.0000000000  +33.6153542698
+253.0000000000  +33.5083687068
+254.0000000000  +33.6295393689
+255.0000000000  +33.4898911582
+0.0000000000  +39.2617590795
+1.0000000000  +39.0322954581
+2.0000000000  +39.3243461278
+3.0000000000  +39.0444769232
+4.0000000000  +40.2868252623
+5.0000000000  +37.3067464097
+6.0000000000  +39.4238454715
+7.0000000000  +39.7235464619
+8.0000000000  +38.9821481183
+9.0000000000  +39.2973720500
+10.0000000000  +39.0490733239
+11.0000000000  +39.2503848243
+12.0000000000  +39.0812794734
+13.0000000000  +39.2270062727
+14.0000000000  +39.0990076072
+15.0000000000  +39.2130966890
+16.0000000000  +39.1102143764
+17.0000000000  +39.2038709464
+18.0000000000  +39.1179438172
+19.0000000000  +39.1972986699
+20.0000000000  +39.1236023041
+21.0000000000  +39.1923741194
+22.0000000000  +39.1279282601
+23.0000000000  +39.1885426432
+24.0000000000  +39.1313464419
+25.0000000000  +39.1854733556
+26.0000000000  +39.1341184611
+27.0000000000  +39.1829566490
+28.0000000000  +39.1364142409
+29.0000000000  +39.1808532979
+30.0000000000  +39.1383489465
+31.0000000000  +39.1790672053
+32.0000000000  +39.1400033984
+33.0000000000  +39.1775299025
+34.0000000000  +39.1414359882
+35.0000000000  +39.1761912840
+36.0000000000  +39.1426899550
+37.0000000000  +39.1750138378
+38.0000000000  +39.1437980027
+39.0000000000  +39.1739689208
+40.0000000000  +39.1447853250
+41.0000000000  +39.1730342837
+42.0000000000  +39.1456716455
+43.0000000000  +39.1721923796
+44.0000000000  +39.1464726265
+45.0000000000  +39.1714291837
+46.0000000000  +39.1472008645
+47.0000000000  +39.1707333504
+48.0000000000  +39.1478666056
+49.0000000000  +39.1700956025
+50.0000000000  +39.1484782706
+51.0000000000  +39.1695082790
+52.0000000000  +39.1490428446
+53.0000000000  +39.1689649974
+54.0000000000  +39.1495661712
+55.0000000000  +39.1684603969
+56.0000000000  +39.1500531775
+57.0000000000  +39.1679899413
+58.0000000000  +39.1505080472
+59.0000000000  +39.1675497652
+60.0000000000  +39.1509343569
+61.0000000000  +39.1671365544
+62.0000000000  +39.1513351827
+63.0000000000  +39.1667474498
+64.0000000000  +39.1517131854
+65.0000000000  +39.1663799716
+66.0000000000  +39.1520706791
+67.0000000000  +39.1660319576
+68.0000000000  +39.1524096864
+69.0000000000  +39.1657015136
+70.0000000000  +39.1527319836
+71.0000000000  +39.1653869721
+72.0000000000  +39.1530391375
+73.0000000000  +39.1650868592
+74.0000000000  +39.1533325363
+75.0000000000  +39.1647998664
+76.0000000000  +39.1536134146
+77.0000000000  +39.1645248275
+78.0000000000  +39.1538828749
+79.0000000000  +39.1642606991
+80.0000000000  +39.1541419054
+81.0000000000  +39.1640065446
+82.0000000000  +39.1543913949
+83.0000000000  +39.1637615197
+84.0000000000  +39.1546321459
+85.0000000000  +39.1635248612
+86.0000000000  +39.1548648850
+87.0000000000  +39.1632958765
+88.0000000000  +39.1550902728
+89.0000000000  +39.1630739354
+90.0000000000  +39.1553089113
+91.0000000000  +39.1628584620
+92.0000000000  +39.1555213514
+93.0000000000  +39.1626489290
+94.0000000000  +39.1557280985
+95.0000000000  +39.1624448515
+96.0000000000  +39.1559296180
+97.0000000000  +39.1622457826
+98.0000000000  +39.1561263397
+99.0000000000  +39.1620513087
+100.0000000000  +39.1563186619
+101.0000000000  +39.1618610459
+102.0000000000  +39.1565069547
+103.0000000000  +39.1616746367
+104.0000000000  +39.1566915637
+105.0000000000  +39.1614917472
+106.0000000000  +39.1568728120
+107.0000000000  +39.1613120643
+108.0000000000  +39.1570510033
+109.0000000000  +39.1611352931
+110.0000000000  +39.1572264239
+111.0000000000  +39.1609611555
+112.0000000000  +39.1573993445
+113.0000000000  +39.1607893876
+114.0000000000  +39.1575700224
+115.0000000000  +39.1606197385
+116.0000000000  +39.1577387028
+117.0000000000  +39.1604519682
+118.0000000000  +39.1579056204
+119.0000000000  +39.1602858469
+120.0000000000  +39.1580710009
+121.0000000000  +39.1601211528
+122.0000000000  +39.1582350621
+123.0000000000  +39.1599576716
+124.0000000000  +39.1583980153
+125.0000000000  +39.1597951950
+126.0000000000  +39.1585600663
+127.0000000000  +39.1596335194
+128.0000000000  +39.1587214162
+129.0000000000  +39.1594724456
+130.0000000000  +39.1588822630
+131.0000000000  +39.1593117770
+132.0000000000  +39.1590428021
+133.0000000000  +39.1591513189
+134.0000000000  +39.1592032275
+135.0000000000  +39.1589908779
+136.0000000000  +39.1593637325
+137.0000000000  +39.1588302606
+138.0000000000  +39.1595245108
+139.0000000000  +39.1586692724
+140.0000000000  +39.1596857577
+141.0000000000  +39.1585077175
+142.0000000000  +39.1598476705
+143.0000000000  +39.1583453968
+144.0000000000  +39.1600104497
+145.0000000000  +39.1581821078
+146.0000000000  +39.1601743003
+147.0000000000  +39.1580176431
+148.0000000000  +39.1603394324
+149.0000000000  +39.1578517894
+150.0000000000  +39.1605060626
+151.0000000000  +39.1576843265
+152.0000000000  +39.1606744152
+153.0000000000  +39.1575150260
+154.0000000000  +39.1608447232
+155.0000000000  +39.1573436498
+156.0000000000  +39.1610172298
+157.0000000000  +39.1571699491
+158.0000000000  +39.1611921900
+159.0000000000  +39.1569936623
+160.0000000000  +39.1613698721
+161.0000000000  +39.1568145139
+162.0000000000  +39.1615505595
+163.0000000000  +39.1566322123
+164.0000000000  +39.1617345527
+165.0000000000  +39.1564464478
+166.0000000000  +39.1619221711
+167.0000000000  +39.1562568901
+168.0000000000  +39.1621137562
+169.0000000000  +39.1560631862
+170.0000000000  +39.1623096736
+171.0000000000  +39.1558649570
+172.0000000000  +39.1625103163
+173.0000000000  +39.1556617947
+174.0000000000  +39.1627161084
+175.0000000000  +39.1554532583
+176.0000000000  +39.1629275085
+177.0000000000  +39.1552388699
+178.0000000000  +39.1631450148
+179.0000000000  +39.1550181102
+180.0000000000  +39.1633691695
+181.0000000000  +39.1547904123
+182.0000000000  +39.1636005654
+183.0000000000  +39.1545551561
+184.0000000000  +39.1638398520
+185.0000000000  +39.1543116605
+186.0000000000  +39.1640877438
+187.0000000000  +39.1540591755
+188.0000000000  +39.1643450289
+189.0000000000  +39.1537968720
+190.0000000000  +39.1646125803
+191.0000000000  +39.1535238305
+192.0000000000  +39.1648913674
+193.0000000000  +39.1532390276
+194.0000000000  +39.1651824715
+195.0000000000  +39.1529413201
+196.0000000000  +39.1654871024
+197.0000000000  +39.1526294262
+198.0000000000  +39.1658066194
+199.0000000000  +39.1523019030
+200.0000000000  +39.1661425559
+201.0000000000  +39.1519571194
+202.0000000000  +39.1664966486
+203.0000000000  +39.1515932240
+204.0000000000  +39.1668708737
+205.0000000000  +39.1512081052
+206.0000000000  +39.1672674901
+207.0000000000  +39.1507993432
+208.0000000000  +39.1676890929
+209.0000000000  +39.1503641512
+210.0000000000  +39.1681386794
+211.0000000000  +39.1498993013
+212.0000000000  +39.1686197307
+213.0000000000  +39.1494010335
+214.0000000000  +39.1691363145
+215.0000000000  +39.1488649399
+216.0000000000  +39.1696932153
+217.0000000000  +39.1482858181
+218.0000000000  +39.1702961005
+219.0000000000  +39.1476574825
+220.0000000000  +39.1709517345
+221.0000000000  +39.1469725199
+222.0000000000  +39.1716682597
+223.0000000000  +39.1462219670
+224.0000000000  +39.1724555666
+225.0000000000  +39.1453948824
+226.0000000000  +39.1733257913
+227.0000000000  +39.1444777673
+228.0000000000  +39.1742939924
+229.0000000000  +39.1434537709
+230.0000000000  +39.1753790887
+231.0000000000  +39.1423015789
+232.0000000000  +39.1766051824
+233.0000000000  +39.1409938293
+234.0000000000  +39.1780034667
+235.0000000000  +39.1394948019
+236.0000000000  +39.1796150428
+237.0000000000  +39.1377569608
+238.0000000000  +39.1814951954
+239.0000000000  +39.1357156251
+240.0000000000  +39.1837200910
+241.0000000000  +39.1332804720
+242.0000000000  +39.1863976679
+243.0000000000  +39.1303214290
+244.0000000000  +39.1896861327
+245.0000000000  +39.1266441042
+246.0000000000  +39.1938270778
+247.0000000000  +39.1219444310
+248.0000000000  +39.1992087355
+249.0000000000  +39.1157186680
+250.0000000000  +39.2064970369
+251.0000000000  +39.1070675481
+252.0000000000  +39.2169374097
+253.0000000000  +39.0942147654
+254.0000000000  +39.2331562958
+255.0000000000  +39.0731065342
+0.0000000000  +44.8681482098
+1.0000000000  +44.6114933412
+2.0000000000  +44.9375876823
+3.0000000000  +44.6034837265
+4.0000000000  +45.9093291194
+5.0000000000  +42.9445180647
+6.0000000000  +44.9301833674
+7.0000000000  +45.3711261297
+8.0000000000  +44.5528666312
+9.0000000000  +44.9097307213
+10.0000000000  +44.6288945061
+11.0000000000  +44.8563496087
+12.0000000000  +44.6654257595
+13.0000000000  +44.8298645435
+14.0000000000  +44.6854902157
+15.0000000000  +44.8141335928
+16.0000000000  +44.6981568838
+17.0000000000  +44.8037110538
+18.0000000000  +44.7068855057
+19.0000000000  +44.7962916889
+20.0000000000  +44.7132714560
+21.0000000000  +44.7907354180
+22.0000000000  +44.7181512784
+23.0000000000  +44.7864142159
+24.0000000000  +44.7220057013
+25.0000000000  +44.7829537428
+26.0000000000  +44.7251305886
+27.0000000000  +44.7801170214
+28.0000000000  +44.7277179979
+29.0000000000  +44.7777467298
+30.0000000000  +44.7298980338
+31.0000000000  +44.7757343278
+32.0000000000  +44.7317619647
+33.0000000000  +44.7740025087
+34.0000000000  +44.7333757087
+35.0000000000  +44.7724947170
+36.0000000000  +44.7347880646
+37.0000000000  +44.7711686228
+38.0000000000  +44.7360359320
+39.0000000000  +44.7699919117
+40.0000000000  +44.7371477311
+41.0000000000  +44.7689394876
+42.0000000000  +44.7381457067
+43.0000000000  +44.7679915621
+44.0000000000  +44.7390475210
+45.0000000000  +44.7671323212
+46.0000000000  +44.7398673759
+47.0000000000  +44.7663489739
+48.0000000000  +44.7406168225
+49.0000000000  +44.7656310621
+50.0000000000  +44.7413053527
+51.0000000000  +44.7649699509
+52.0000000000  +44.7419408391
+53.0000000000  +44.7643584471
+54.0000000000  +44.7425298673
+55.0000000000  +44.7637905098
+56.0000000000  +44.7430779892
+57.0000000000  +44.7632610273
+58.0000000000  +44.7435899192
+59.0000000000  +44.7627656446
+60.0000000000  +44.7440696867
+61.0000000000  +44.7623006277
+62.0000000000  +44.7445207571
+63.0000000000  +44.7618627558
+64.0000000000  +44.7449461280
+65.0000000000  +44.7614492355
+66.0000000000  +44.7453484061
+67.0000000000  +44.7610576312
+68.0000000000  +44.7457298694
+69.0000000000  +44.7606858094
+70.0000000000  +44.7460925187
+71.0000000000  +44.7603318922
+72.0000000000  +44.7464381186
+73.0000000000  +44.7599942195
+74.0000000000  +44.7467682323
+75.0000000000  +44.7596713177
+76.0000000000  +44.7470842502
+77.0000000000  +44.7593618737
+78.0000000000  +44.7473874139
+79.0000000000  +44.7590647126
+80.0000000000  +44.7476788360
+81.0000000000  +44.7587787796
+82.0000000000  +44.7479595174
+83.0000000000  +44.7585031243
+84.0000000000  +44.7482303615
+85.0000000000  +44.7582368872
+86.0000000000  +44.7484921865
+87.0000000000  +44.7579792887
+88.0000000000  +44.7487457359
+89.0000000000  +44.7577296191
+90.0000000000  +44.7489916877
+91.0000000000  +44.7574872303
+92.0000000000  +44.7492306619
+93.0000000000  +44.7572515286
+94.0000000000  +44.7494632275
+95.0000000000  +44.7570219683
+96.0000000000  +44.7496899083
+97.0000000000  +44.7567980462
+98.0000000000  +44.7499111881
+99.0000000000  +44.7565792967
+100.0000000000  +44.7501275153
+101.0000000000  +44.7563652879
+102.0000000000  +44.7503393064
+103.0000000000  +44.7561556174
+104.0000000000  +44.7505469503
+105.0000000000  +44.7559499093
+106.0000000000  +44.7507508107
+107.0000000000  +44.7557478112
+108.0000000000  +44.7509512293
+109.0000000000  +44.7555489915
+110.0000000000  +44.7511485284
+111.0000000000  +44.7553531371
+112.0000000000  +44.7513430125
+113.0000000000  +44.7551599510
+114.0000000000  +44.7515349711
+115.0000000000  +44.7549691510
+116.0000000000  +44.7517246801
+117.0000000000  +44.7547804670
+118.0000000000  +44.7519124036
+119.0000000000  +44.7545936405
+120.0000000000  +44.7520983955
+121.0000000000  +44.7544084219
+122.0000000000  +44.7522829009
+123.0000000000  +44.7542245703
+124.0000000000  +44.7524661575
+125.0000000000  +44.7540418511
+126.0000000000  +44.7526483965
+127.0000000000  +44.7538600356
+128.0000000000  +44.7528298445
+129.0000000000  +44.7536788996
+130.0000000000  +44.7530107239
+131.0000000000  +44.7534982218
+132.0000000000  +44.7531912546
+133.0000000000  +44.7533177837
+134.0000000000  +44.7533716546
+135.0000000000  +44.7531373674
+136.0000000000  +44.7535521415
+137.0000000000  +44.7529567555
+138.0000000000  +44.7537329331
+139.0000000000  +44.7527757294
+140.0000000000  +44.7539142488
+141.0000000000  +44.7525940686
+142.0000000000  +44.7540963104
+143.0000000000  +44.7524115497
+144.0000000000  +44.7542793436
+145.0000000000  +44.7522279447
+146.0000000000  +44.7544635786
+147.0000000000  +44.7520430206
+148.0000000000  +44.7546492518
+149.0000000000  +44.7518565376
+150.0000000000  +44.7548366065
+151.0000000000  +44.7516682482
+152.0000000000  +44.7550258947
+153.0000000000  +44.7514778955
+154.0000000000  +44.7552173785
+155.0000000000  +44.7512852122
+156.0000000000  +44.7554113312
+157.0000000000  +44.7510899185
+158.0000000000  +44.7556080394
+159.0000000000  +44.7508917205
+160.0000000000  +44.7558078045
+161.0000000000  +44.7506903087
+162.0000000000  +44.7560109450
+163.0000000000  +44.7504853552
+164.0000000000  +44.7562177984
+165.0000000000  +44.7502765120
+166.0000000000  +44.7564287239
+167.0000000000  +44.7500634082
+168.0000000000  +44.7566441050
+169.0000000000  +44.7498456471
+170.0000000000  +44.7568643525
+171.0000000000  +44.7496228029
+172.0000000000  +44.7570899080
+173.0000000000  +44.7493944171
+174.0000000000  +44.7573212477
+175.0000000000  +44.7491599945
+176.0000000000  +44.7575588871
+177.0000000000  +44.7489189985
+178.0000000000  +44.7578033856
+179.0000000000  +44.7486708453
+180.0000000000  +44.7580553524
+181.0000000000  +44.7484148984
+182.0000000000  +44.7583154533
+183.0000000000  +44.7481504611
+184.0000000000  +44.7585844178
+185.0000000000  +44.7478767687
+186.0000000000  +44.7588630484
+187.0000000000  +44.7475929787
+188.0000000000  +44.7591522304
+189.0000000000  +44.7472981598
+190.0000000000  +44.7594529439
+191.0000000000  +44.7469912796
+192.0000000000  +44.7597662778
+193.0000000000  +44.7466711887
+194.0000000000  +44.7600934462
+195.0000000000  +44.7463366034
+196.0000000000  +44.7604358077
+197.0000000000  +44.7459860844
+198.0000000000  +44.7607948885
+199.0000000000  +44.7456180115
+200.0000000000  +44.7611724104
+201.0000000000  +44.7452305536
+202.0000000000  +44.7615703231
+203.0000000000  +44.7448216319
+204.0000000000  +44.7619908454
+205.0000000000  +44.7443888759
+206.0000000000  +44.7624365130
+207.0000000000  +44.7439295693
+208.0000000000  +44.7629102390
+209.0000000000  +44.7434405838
+210.0000000000  +44.7634153878
+211.0000000000  +44.7429182965
+212.0000000000  +44.7639558664
+213.0000000000  +44.7423584874
+214.0000000000  +44.7645362400
+215.0000000000  +44.7417562097
+216.0000000000  +44.7651618776
+217.0000000000  +44.7411056257
+218.0000000000  +44.7658391384
+219.0000000000  +44.7403997951
+220.0000000000  +44.7665756122
+221.0000000000  +44.7396304006
+222.0000000000  +44.7673804334
+223.0000000000  +44.7387873876
+224.0000000000  +44.7682646963
+225.0000000000  +44.7378584835
+226.0000000000  +44.7692420124
+227.0000000000  +44.7368285498
+228.0000000000  +44.7703292685
+229.0000000000  +44.7356786912
+230.0000000000  +44.7715476767
+231.0000000000  +44.7343850120
+232.0000000000  +44.7729242558
+233.0000000000  +44.7329168421
+234.0000000000  +44.7744939666
+235.0000000000  +44.7312341516
+236.0000000000  +44.7763028635
+237.0000000000  +44.7292836830
+238.0000000000  +44.7784128765
+239.0000000000  +44.7269929921
+240.0000000000  +44.7809092999
+241.0000000000  +44.7242609502
+242.0000000000  +44.7839129610
+243.0000000000  +44.7209419845
+244.0000000000  +44.7876008767
+245.0000000000  +44.7168186491
+246.0000000000  +44.7922432105
+247.0000000000  +44.7115510316
+248.0000000000  +44.7982737990
+249.0000000000  +44.7045764610
+250.0000000000  +44.8064361086
+251.0000000000  +44.6948915448
+252.0000000000  +44.8181188358
+253.0000000000  +44.6805172384
+254.0000000000  +44.8362453413
+255.0000000000  +44.6569468808
+0.0000000000  +50.4737068860
+1.0000000000  +50.1917455665
+2.0000000000  +50.5494291759
+3.0000000000  +50.1650880587
+4.0000000000  +51.5269683370
+5.0000000000  +48.5874946423
+6.0000000000  +50.4344133138
+7.0000000000  +51.0180413854
+8.0000000000  +50.1246357401
+9.0000000000  +50.5213361675
+10.0000000000  +50.2093492420
+11.0000000000  +50.4617692702
+12.0000000000  +50.2500494457
+13.0000000000  +50.4322987599
+14.0000000000  +50.2723539271
+15.0000000000  +50.4148246755
+16.0000000000  +50.2864157487
+17.0000000000  +50.4032597713
+18.0000000000  +50.2960971637
+19.0000000000  +50.3950333177
+20.0000000000  +50.3031757303
+21.0000000000  +50.3888759590
+22.0000000000  +50.3085822761
+23.0000000000  +50.3840892529
+24.0000000000  +50.3128511869
+25.0000000000  +50.3802572420
+26.0000000000  +50.3163111042
+27.0000000000  +50.3771167774
+28.0000000000  +50.3191752364
+29.0000000000  +50.3744932555
+30.0000000000  +50.3215879471
+31.0000000000  +50.3722662652
+32.0000000000  +50.3236504673
+33.0000000000  +50.3703500762
+34.0000000000  +50.3254358860
+35.0000000000  +50.3686819901
+36.0000000000  +50.3269982953
+37.0000000000  +50.3672150910
+38.0000000000  +50.3283785872
+39.0000000000  +50.3659135725
+40.0000000000  +50.3296082502
+41.0000000000  +50.3647496314
+42.0000000000  +50.3307119261
+43.0000000000  +50.3637013493
+44.0000000000  +50.3317091767
+45.0000000000  +50.3627512123
+46.0000000000  +50.3326157295
+47.0000000000  +50.3618850567
+48.0000000000  +50.3334443743
+49.0000000000  +50.3610913035
+50.0000000000  +50.3342056195
+51.0000000000  +50.3603603934
+52.0000000000  +50.3349081804
+53.0000000000  +50.3596843641
+54.0000000000  +50.3355593463
+55.0000000000  +50.3590565292
+56.0000000000  +50.3361652619
+57.0000000000  +50.3584712315
+58.0000000000  +50.3367311445
+59.0000000000  +50.3579236516
+60.0000000000  +50.3372614531
+61.0000000000  +50.3574096577
+62.0000000000  +50.3377600221
+63.0000000000  +50.3569256859
+64.0000000000  +50.3382301683
+65.0000000000  +50.3564686456
+66.0000000000  +50.3386747755
+67.0000000000  +50.3560358425
+68.0000000000  +50.3390963641
+69.0000000000  +50.3556249162
+70.0000000000  +50.3394971472
+71.0000000000  +50.3552337892
+72.0000000000  +50.3398790767
+73.0000000000  +50.3548606255
+74.0000000000  +50.3402438819
+75.0000000000  +50.3545037950
+76.0000000000  +50.3405931007
+77.0000000000  +50.3541618453
+78.0000000000  +50.3409281060
+79.0000000000  +50.3538334770
+80.0000000000  +50.3412501286
+81.0000000000  +50.3535175238
+82.0000000000  +50.3415602753
+83.0000000000  +50.3532129343
+84.0000000000  +50.3418595451
+85.0000000000  +50.3529187583
+86.0000000000  +50.3421488427
+87.0000000000  +50.3526341337
+88.0000000000  +50.3424289905
+89.0000000000  +50.3523582756
+90.0000000000  +50.3427007380
+91.0000000000  +50.3520904676
+92.0000000000  +50.3429647707
+93.0000000000  +50.3518300531
+94.0000000000  +50.3432217178
+95.0000000000  +50.3515764288
+96.0000000000  +50.3434721583
+97.0000000000  +50.3513290384
+98.0000000000  +50.3437166273
+99.0000000000  +50.3510873672
+100.0000000000  +50.3439556201
+101.0000000000  +50.3508509377
+102.0000000000  +50.3441895975
+103.0000000000  +50.3506193051
+104.0000000000  +50.3444189892
+105.0000000000  +50.3503920539
+106.0000000000  +50.3446441973
+107.0000000000  +50.3501687946
+108.0000000000  +50.3448655995
+109.0000000000  +50.3499491606
+110.0000000000  +50.3450835518
+111.0000000000  +50.3497328058
+112.0000000000  +50.3452983911
+113.0000000000  +50.3495194022
+114.0000000000  +50.3455104371
+115.0000000000  +50.3493086377
+116.0000000000  +50.3457199947
+117.0000000000  +50.3491002140
+118.0000000000  +50.3459273559
+119.0000000000  +50.3488938452
+120.0000000000  +50.3461328012
+121.0000000000  +50.3486892558
+122.0000000000  +50.3463366013
+123.0000000000  +50.3484861793
+124.0000000000  +50.3465390189
+125.0000000000  +50.3482843568
+126.0000000000  +50.3467403095
+127.0000000000  +50.3480835356
+128.0000000000  +50.3469407233
+129.0000000000  +50.3478834678
+130.0000000000  +50.3471405061
+131.0000000000  +50.3476839093
+132.0000000000  +50.3473399007
+133.0000000000  +50.3474846184
+134.0000000000  +50.3475391480
+135.0000000000  +50.3472853546
+136.0000000000  +50.3477384883
+137.0000000000  +50.3470858777
+138.0000000000  +50.3479381621
+139.0000000000  +50.3468859465
+140.0000000000  +50.3481384117
+141.0000000000  +50.3466853173
+142.0000000000  +50.3483394821
+143.0000000000  +50.3464837434
+144.0000000000  +50.3485416224
+145.0000000000  +50.3462809731
+146.0000000000  +50.3487450869
+147.0000000000  +50.3460767492
+148.0000000000  +50.3489501364
+149.0000000000  +50.3458708068
+150.0000000000  +50.3491570398
+151.0000000000  +50.3456628728
+152.0000000000  +50.3493660753
+153.0000000000  +50.3454526636
+154.0000000000  +50.3495775319
+155.0000000000  +50.3452398841
+156.0000000000  +50.3497917115
+157.0000000000  +50.3450242253
+158.0000000000  +50.3500089305
+159.0000000000  +50.3448053630
+160.0000000000  +50.3502295214
+161.0000000000  +50.3445829555
+162.0000000000  +50.3504538359
+163.0000000000  +50.3443566409
+164.0000000000  +50.3506822465
+165.0000000000  +50.3441260353
+166.0000000000  +50.3509151494
+167.0000000000  +50.3438907292
+168.0000000000  +50.3511529680
+169.0000000000  +50.3436502848
+170.0000000000  +50.3513961555
+171.0000000000  +50.3434042324
+172.0000000000  +50.3516451992
+173.0000000000  +50.3431520660
+174.0000000000  +50.3519006246
+175.0000000000  +50.3428932393
+176.0000000000  +50.3521630005
+177.0000000000  +50.3426271600
+178.0000000000  +50.3524329440
+179.0000000000  +50.3423531842
+180.0000000000  +50.3527111274
+181.0000000000  +50.3420706096
+182.0000000000  +50.3529982850
+183.0000000000  +50.3417786678
+184.0000000000  +50.3532952218
+185.0000000000  +50.3414765149
+186.0000000000  +50.3536028229
+187.0000000000  +50.3411632215
+188.0000000000  +50.3539220649
+189.0000000000  +50.3408377607
+190.0000000000  +50.3542540289
+191.0000000000  +50.3404989933
+192.0000000000  +50.3545999160
+193.0000000000  +50.3401456519
+194.0000000000  +50.3549610653
+195.0000000000  +50.3397763204
+196.0000000000  +50.3553389751
+197.0000000000  +50.3393894116
+198.0000000000  +50.3557353288
+199.0000000000  +50.3389831387
+200.0000000000  +50.3561520249
+201.0000000000  +50.3385554824
+202.0000000000  +50.3565912136
+203.0000000000  +50.3381041503
+204.0000000000  +50.3570553413
+205.0000000000  +50.3376265288
+206.0000000000  +50.3575472040
+207.0000000000  +50.3371196229
+208.0000000000  +50.3580700136
+209.0000000000  +50.3365799837
+210.0000000000  +50.3586274788
+211.0000000000  +50.3360036172
+212.0000000000  +50.3592239069
+213.0000000000  +50.3353858716
+214.0000000000  +50.3598643300
+215.0000000000  +50.3347212944
+216.0000000000  +50.3605546659
+217.0000000000  +50.3340034516
+218.0000000000  +50.3613019228
+219.0000000000  +50.3332246945
+220.0000000000  +50.3621144647
+221.0000000000  +50.3323758584
+222.0000000000  +50.3630023564
+223.0000000000  +50.3314458647
+224.0000000000  +50.3639778208
+225.0000000000  +50.3304211935
+226.0000000000  +50.3650558523
+227.0000000000  +50.3292851695
+228.0000000000  +50.3662550504
+229.0000000000  +50.3280169826
+230.0000000000  +50.3675987749
+231.0000000000  +50.3265903199
+232.0000000000  +50.3691167746
+233.0000000000  +50.3249714160
+234.0000000000  +50.3708475349
+235.0000000000  +50.3231162104
+236.0000000000  +50.3728417410
+237.0000000000  +50.3209660982
+238.0000000000  +50.3751675311
+239.0000000000  +50.3184413851
+240.0000000000  +50.3779187201
+241.0000000000  +50.3154308608
+242.0000000000  +50.3812281543
+243.0000000000  +50.3117745068
+244.0000000000  +50.3852903696
+245.0000000000  +50.3072334207
+246.0000000000  +50.3904020999
+247.0000000000  +50.3014343850
+248.0000000000  +50.3970395104
+249.0000000000  +50.2937600953
+250.0000000000  +50.4060178543
+251.0000000000  +50.2831109058
+252.0000000000  +50.4188580201
+253.0000000000  +50.2673211265
+254.0000000000  +50.4387559750
+255.0000000000  +50.2414697186
+0.0000000000  +56.0783742261
+1.0000000000  +55.7731235824
+2.0000000000  +56.1597819870
+3.0000000000  +55.7293794564
+4.0000000000  +57.1397477938
+5.0000000000  +54.2354821606
+6.0000000000  +55.9368455417
+7.0000000000  +56.6640267584
+8.0000000000  +55.6976261057
+9.0000000000  +56.1320722297
+10.0000000000  +55.7905278868
+11.0000000000  +56.0665702356
+12.0000000000  +55.8352124525
+13.0000000000  +56.0342555320
+14.0000000000  +55.8596456296
+15.0000000000  +56.0151281636
+16.0000000000  +55.8750286178
+17.0000000000  +56.0024828514
+18.0000000000  +55.8856101909
+19.0000000000  +55.9934945776
+20.0000000000  +55.8933420222
+21.0000000000  +55.9867706593
+22.0000000000  +55.8992447449
+23.0000000000  +55.9815456706
+24.0000000000  +55.9039037269
+25.0000000000  +55.9773641518
+26.0000000000  +55.9076786925
+27.0000000000  +55.9739381551
+28.0000000000  +55.9108028772
+29.0000000000  +55.9710767241
+30.0000000000  +55.9134341290
+31.0000000000  +55.9686482281
+32.0000000000  +55.9156830906
+33.0000000000  +55.9665589824
+34.0000000000  +55.9176296196
+35.0000000000  +55.9647404924
+36.0000000000  +55.9193328003
+37.0000000000  +55.9631415187
+38.0000000000  +55.9208372882
+39.0000000000  +55.9617229640
+40.0000000000  +55.9221774618
+41.0000000000  +55.9604544761
+42.0000000000  +55.9233802199
+43.0000000000  +55.9593121312
+44.0000000000  +55.9244669123
+45.0000000000  +55.9582768160
+46.0000000000  +55.9254547014
+47.0000000000  +55.9573330756
+48.0000000000  +55.9263575421
+49.0000000000  +55.9564682771
+50.0000000000  +55.9271868986
+51.0000000000  +55.9556719924
+52.0000000000  +55.9279522778
+53.0000000000  +55.9549355362
+54.0000000000  +55.9286616304
+55.0000000000  +55.9542516159
+56.0000000000  +55.9293216580
+57.0000000000  +55.9536140618
+58.0000000000  +55.9299380502
+59.0000000000  +55.9530176186
+60.0000000000  +55.9305156691
+61.0000000000  +55.9524577808
+62.0000000000  +55.9310586959
+63.0000000000  +55.9519306627
+64.0000000000  +55.9315707467
+65.0000000000  +55.9514328948
+66.0000000000  +55.9320549654
+67.0000000000  +55.9509615396
+68.0000000000  +55.9325140997
+69.0000000000  +55.9505140241
+70.0000000000  +55.9329505621
+71.0000000000  +55.9500880838
+72.0000000000  +55.9333664803
+73.0000000000  +55.9496817173
+74.0000000000  +55.9337637390
+75.0000000000  +55.9492931480
+76.0000000000  +55.9341440144
+77.0000000000  +55.9489207929
+78.0000000000  +55.9345088030
+79.0000000000  +55.9485632360
+80.0000000000  +55.9348594460
+81.0000000000  +55.9482192059
+82.0000000000  +55.9351971494
+83.0000000000  +55.9478875573
+84.0000000000  +55.9355230021
+85.0000000000  +55.9475672544
+86.0000000000  +55.9358379899
+87.0000000000  +55.9472573580
+88.0000000000  +55.9361430087
+89.0000000000  +55.9469570129
+90.0000000000  +55.9364388753
+91.0000000000  +55.9466654383
+92.0000000000  +55.9367263366
+93.0000000000  +55.9463819191
+94.0000000000  +55.9370060781
+95.0000000000  +55.9461057979
+96.0000000000  +55.9372787306
+97.0000000000  +55.9458364686
+98.0000000000  +55.9375448768
+99.0000000000  +55.9455733706
+100.0000000000  +55.9378050567
+101.0000000000  +55.9453159836
+102.0000000000  +55.9380597720
+103.0000000000  +55.9450638232
+104.0000000000  +55.9383094907
+105.0000000000  +55.9448164367
+106.0000000000  +55.9385546509
+107.0000000000  +55.9445734000
+108.0000000000  +55.9387956641
+109.0000000000  +55.9443343137
+110.0000000000  +55.9390329178
+111.0000000000  +55.9440988009
+112.0000000000  +55.9392667789
+113.0000000000  +55.9438665044
+114.0000000000  +55.9394975958
+115.0000000000  +55.9436370842
+116.0000000000  +55.9397257004
+117.0000000000  +55.9434102157
+118.0000000000  +55.9399514106
+119.0000000000  +55.9431855875
+120.0000000000  +55.9401750319
+121.0000000000  +55.9429628995
+122.0000000000  +55.9403968591
+123.0000000000  +55.9427418617
+124.0000000000  +55.9406171780
+125.0000000000  +55.9425221922
+126.0000000000  +55.9408362669
+127.0000000000  +55.9423036158
+128.0000000000  +55.9410543983
+129.0000000000  +55.9420858627
+130.0000000000  +55.9412718395
+131.0000000000  +55.9418686672
+132.0000000000  +55.9414888551
+133.0000000000  +55.9416517661
+134.0000000000  +55.9417057070
+135.0000000000  +55.9414348979
+136.0000000000  +55.9419226568
+137.0000000000  +55.9412178010
+138.0000000000  +55.9421399664
+139.0000000000  +55.9410002129
+140.0000000000  +55.9423578993
+141.0000000000  +55.9407818685
+142.0000000000  +55.9425767222
+143.0000000000  +55.9405624993
+144.0000000000  +55.9427967062
+145.0000000000  +55.9403418315
+146.0000000000  +55.9430181278
+147.0000000000  +55.9401195851
+148.0000000000  +55.9432412710
+149.0000000000  +55.9398954721
+150.0000000000  +55.9434664280
+151.0000000000  +55.9396691953
+152.0000000000  +55.9436939017
+153.0000000000  +55.9394404462
+154.0000000000  +55.9439240064
+155.0000000000  +55.9392089037
+156.0000000000  +55.9441570706
+157.0000000000  +55.9389742318
+158.0000000000  +55.9443934382
+159.0000000000  +55.9387360780
+160.0000000000  +55.9446334711
+161.0000000000  +55.9384940704
+162.0000000000  +55.9448775516
+163.0000000000  +55.9382478157
+164.0000000000  +55.9451260849
+165.0000000000  +55.9379968961
+166.0000000000  +55.9453795020
+167.0000000000  +55.9377408665
+168.0000000000  +55.9456382630
+169.0000000000  +55.9374792508
+170.0000000000  +55.9459028610
+171.0000000000  +55.9372115381
+172.0000000000  +55.9461738257
+173.0000000000  +55.9369371784
+174.0000000000  +55.9464517286
+175.0000000000  +55.9366555776
+176.0000000000  +55.9467371881
+177.0000000000  +55.9363660918
+178.0000000000  +55.9470308750
+179.0000000000  +55.9360680210
+180.0000000000  +55.9473335204
+181.0000000000  +55.9357606016
+182.0000000000  +55.9476459224
+183.0000000000  +55.9354429981
+184.0000000000  +55.9479689562
+185.0000000000  +55.9351142935
+186.0000000000  +55.9483035840
+187.0000000000  +55.9347734773
+188.0000000000  +55.9486508672
+189.0000000000  +55.9344194333
+190.0000000000  +55.9490119811
+191.0000000000  +55.9340509233
+192.0000000000  +55.9493882311
+193.0000000000  +55.9336665697
+194.0000000000  +55.9497810724
+195.0000000000  +55.9332648336
+196.0000000000  +55.9501921338
+197.0000000000  +55.9328439900
+198.0000000000  +55.9506232444
+199.0000000000  +55.9324020971
+200.0000000000  +55.9510764672
+201.0000000000  +55.9319369606
+202.0000000000  +55.9515541390
+203.0000000000  +55.9314460896
+204.0000000000  +55.9520589178
+205.0000000000  +55.9309266443
+206.0000000000  +55.9525938416
+207.0000000000  +55.9303753707
+208.0000000000  +55.9531623998
+209.0000000000  +55.9297885220
+210.0000000000  +55.9537686216
+211.0000000000  +55.9291617592
+212.0000000000  +55.9544171858
+213.0000000000  +55.9284900295
+214.0000000000  +55.9551135582
+215.0000000000  +55.9277674106
+216.0000000000  +55.9558641663
+217.0000000000  +55.9269869146
+218.0000000000  +55.9566766213
+219.0000000000  +55.9261402356
+220.0000000000  +55.9575600053
+221.0000000000  +55.9252174218
+222.0000000000  +55.9585252466
+223.0000000000  +55.9242064453
+224.0000000000  +55.9595856154
+225.0000000000  +55.9230926288
+226.0000000000  +55.9607573880
+227.0000000000  +55.9218578725
+228.0000000000  +55.9620607515
+229.0000000000  +55.9204795918
+230.0000000000  +55.9635210554
+231.0000000000  +55.9189292351
+232.0000000000  +55.9651705766
+233.0000000000  +55.9171701713
+234.0000000000  +55.9670510621
+235.0000000000  +55.9151546113
+236.0000000000  +55.9692174797
+237.0000000000  +55.9128190069
+238.0000000000  +55.9717437046
+239.0000000000  +55.9100769672
+240.0000000000  +55.9747314177
+241.0000000000  +55.9068079791
+242.0000000000  +55.9783245493
+243.0000000000  +55.9028387111
+244.0000000000  +55.9827337697
+245.0000000000  +55.8979105156
+246.0000000000  +55.9882802424
+247.0000000000  +55.8916195832
+248.0000000000  +55.9954789701
+249.0000000000  +55.8832985464
+250.0000000000  +56.0052108906
+251.0000000000  +55.8717598404
+252.0000000000  +56.0191173926
+253.0000000000  +55.8546680584
+254.0000000000  +56.0406415806
+255.0000000000  +55.8267279175
